0.004260	220	0
0.009420	695	1
0.014040	932	1
0.083040	744	1
0.114240	711	1
0.130740	709	1
0.170580	660	1
0.213780	628	1
0.241380	220	0
0.269820	714	1
0.272040	720	1
0.288780	729	1
0.292980	806	1
0.295020	723	1
0.335280	276	1
0.335880	706	1
0.337740	473	1
0.365940	415	1
0.429960	406	1
0.437460	149	1
0.451920	218	1
0.468720	264	1
0.476100	148	1
0.478020	220	0
0.535380	606	1
0.543300	793	1
0.543660	440	1
0.551160	207	1
0.555120	735	1
0.560400	494	1
0.564840	994	1
0.569220	481	1
0.579300	114	1
0.601380	305	1
0.606180	388	1
0.609360	987	1
0.616980	337	1
0.629040	967	1
0.629100	832	1
0.634620	717	1
0.634980	426	1
0.635760	484	1
0.643140	219	1
0.645060	861	1
0.646800	85	1
0.650700	744	1
0.651900	557	1
0.656100	220	0
0.667320	399	1
0.669660	215	1
0.672120	446	1
0.676560	464	1
0.680100	574	1
0.680520	716	1
0.690060	339	1
0.695340	248	1
0.698820	449	1
0.700860	561	1
0.707100	458	1
0.708720	206	1
0.709380	968	1
0.709740	118	0
0.710280	764	1
0.715320	209	0
0.719940	711	1
0.724620	573	1
0.724740	192	1
0.727080	115	1
0.738720	371	1
0.741360	766	1
0.744420	257	1
0.756540	510	1
0.756660	324	1
0.760800	692	1
0.760920	749	1
0.765720	408	1
0.768060	476	1
0.771900	627	1
0.774060	962	1
0.775140	101	0
0.776820	805	1
0.779100	220	1
0.782880	226	1
0.784560	20	1
0.786420	55	1
0.786840	933	1
0.787500	607	1
0.788160	245	1
0.797220	646	1
0.797640	83	1
0.803400	386	1
0.804840	778	1
0.810540	546	1
0.812040	412	1
0.819180	754	1
0.824940	220	0
0.828780	729	1
0.829140	247	1
0.830700	705	1
0.831000	600	1
0.832800	157	1
0.833640	292	1
0.833880	312	1
0.837420	765	1
0.848400	251	1
0.848760	983	1
0.850560	323	1
0.851340	336	1
0.853740	263	1
0.854520	156	1
0.856140	720	1
0.859860	984	1
0.877980	407	1
0.879060	819	1
0.882060	843	1
0.885420	189	1
0.887040	750	1
0.894420	29	1
0.896400	208	1
0.901920	786	1
0.902880	486	1
0.907020	473	1
0.907440	214	1
0.907500	290	1
0.908760	210	1
0.908880	745	1
0.910860	795	1
0.911940	736	1
0.912540	195	1
0.913500	439	1
0.918120	527	1
0.918420	110	1
0.924840	95	1
0.926340	25	1
0.926700	943	1
0.929160	254	1
0.933720	57	0
0.935160	64	0
0.936240	358	1
0.936480	442	1
0.937620	790	1
0.939240	201	1
0.943860	738	1
0.946620	152	1
0.949260	415	1
0.952200	225	1
0.955560	56	1
0.956640	640	1
0.965760	132	1
0.966420	262	1
0.968340	320	1
0.969000	104	1
0.969720	295	1
0.970200	924	1
0.970200	209	0
0.972180	289	1
0.973620	293	1
0.973980	409	1
0.974700	383	1
0.976260	467	1
0.978000	144	1
0.979620	406	1
0.984180	101	0
0.987120	801	1
0.988020	36	0
0.990960	821	1
0.994380	220	0
0.995940	62	1
0.999300	417	1
0.999480	173	1
1.001040	911	1
1.002900	67	1
1.004580	342	1
1.004880	271	1
1.005420	91	1
1.007460	348	1
1.008840	723	1
1.011300	318	1
1.011300	800	1
1.012500	602	1
1.014000	304	1
1.014240	709	1
1.017300	965	1
1.019880	955	1
1.021440	418	1
1.021680	172	1
1.021680	798	1
1.023180	870	1
1.025940	718	1
1.026660	350	1
1.026960	234	1
1.027620	435	1
1.029000	430	1
1.030560	277	1
1.031700	637	1
1.031880	236	1
1.032300	619	1
1.034760	119	1
1.035060	53	0
1.035660	275	1
1.036140	706	1
1.040280	433	1
1.041600	806	1
1.042560	276	1
1.043400	472	1
1.044300	376	1
1.045620	803	1
1.048620	166	1
1.048620	676	1
1.048980	740	1
1.050120	586	1
1.051680	161	1
1.052820	344	1
1.055280	151	1
1.056060	90	0
1.057020	42	0
1.057800	596	1
1.058280	421	1
1.058340	148	1
1.061940	869	1
1.062660	285	1
1.066800	218	1
1.067040	28	0
1.069800	118	0
1.070640	313	1
1.072080	86	0
1.072800	213	1
1.073100	630	1
1.074120	1006	1
1.077300	268	1
1.077360	291	1
1.077960	170	0
1.079280	60	0
1.083180	660	1
1.083720	261	1
1.084980	827	1
1.085460	836	1
1.087380	80	1
1.089000	793	1
1.089360	308	1
1.091220	641	1
1.091640	81	1
1.092300	220	0
1.092660	169	1
1.092720	615	1
1.092900	305	1
1.093020	353	1
1.093200	440	1
1.094760	114	1
1.095180	72	1
1.095480	558	1
1.096080	365	1
1.096260	64	0
1.096800	197	1
1.097040	273	1
1.098060	776	1
1.099680	176	1
1.100340	747	1
1.102680	15	1
1.103280	61	0
1.105380	351	1
1.107060	744	1
1.108500	334	1
1.108800	356	1
1.109040	663	1
1.109520	62	0
1.110420	400	1
1.112640	322	1
1.114380	87	0
1.115580	93	1
1.115820	259	1
1.117500	81	0
1.117560	57	1
1.117740	39	0
1.118340	606	1
1.121940	543	1
1.123320	78	0
1.123620	360	1
1.124280	209	0
1.124520	73	0
1.125300	77	0
1.126320	362	1
1.126560	98	0
1.127100	283	1
1.127520	36	0
1.127700	748	1
1.128300	333	1
1.131000	66	0
1.131840	219	1
1.132020	931	1
1.132260	460	1
1.132380	68	0
1.132440	286	1
1.133820	243	1
1.135140	375	1
1.136400	150	1
1.136520	853	1
1.136880	802	1
1.137240	398	1
1.138200	844	1
1.138620	223	1
1.139760	944	1
1.139940	306	1
1.140180	347	1
1.140780	570	1
1.141020	741	1
1.142520	40	0
1.142880	392	1
1.143240	217	1
1.144020	918	1
1.144320	205	1
1.146000	284	1
1.146780	107	1
1.148520	85	0
1.149420	188	1
1.150200	971	1
1.150260	757	1
1.150920	57	0
1.151400	99	0
1.152300	684	1
1.152360	618	1
1.152660	359	1
1.153680	126	1
1.153740	581	1
1.153920	88	1
1.154400	71	0
1.156380	90	0
1.156740	298	1
1.157400	95	0
1.158000	224	1
1.158600	865	1
1.158660	751	1
1.159200	35	0
1.159860	44	0
1.161180	72	0
1.161240	701	1
1.161420	41	0
1.162980	117	1
1.164180	889	1
1.166520	343	1
1.167420	712	1
1.167420	54	0
1.167780	150	0
1.168080	129	1
1.169100	121	1
1.169280	158	1
1.170060	53	0
1.170180	410	1
1.170360	809	1
1.170600	220	0
1.172760	101	0
1.174320	80	0
1.174980	83	0
1.175520	314	1
1.177860	42	0
1.178760	789	1
1.180740	84	0
1.180860	698	1
1.181880	861	1
1.182660	720	1
1.184220	352	1
1.184700	272	1
1.184880	647	1
1.185420	105	0
1.185480	669	1
1.185600	370	1
1.186740	536	1
1.187880	1008	1
1.188000	337	1
1.189380	662	1
1.189860	84	1
1.190940	963	1
1.192740	814	1
1.193940	717	1
1.194180	86	0
1.194420	215	1
1.196580	820	1
1.197180	111	1
1.200000	470	1
1.200540	832	1
1.201500	297	1
1.203480	437	1
1.203480	438	1
1.204800	32	1
1.205160	183	0
1.205340	186	0
1.205880	811	1
1.206780	20	0
1.209060	226	1
1.209120	702	1
1.209540	982	1
1.209720	604	1
1.210260	721	1
1.211400	85	1
1.211580	339	1
1.211880	634	1
1.212480	329	1
1.213320	594	1
1.214340	221	1
1.214640	100	0
1.215060	446	1
1.217220	399	1
1.217640	704	1
1.217880	928	1
1.219680	484	1
1.219800	74	0
1.220580	36	0
1.222140	118	0
1.222740	722	1
1.223040	257	1
1.223040	301	1
1.223220	63	0
1.224780	106	0
1.226460	730	1
1.227840	677	1
1.229280	980	1
1.230420	244	1
1.233300	88	0
1.234020	892	1
1.234680	61	0
1.234920	597	1
1.235640	248	1
1.236060	436	1
1.236720	258	1
1.239240	199	0
1.240200	340	1
1.241280	302	1
1.243080	192	1
1.243800	419	1
1.244160	962	1
1.244640	151	0
1.245540	542	1
1.245540	37	0
1.245720	711	1
1.246320	167	1
1.248540	149	1
1.248780	220	0
1.249380	358	1
1.251780	851	1
1.252020	147	0
1.255440	458	1
1.255860	66	1
1.257360	87	0
1.260120	102	0
1.260480	707	1
1.260780	189	0
1.262160	185	1
1.263060	692	1
1.264380	456	1
1.264860	134	0
1.266120	106	1
1.267200	729	1
1.268760	774	1
1.270380	621	1
1.270380	81	0
1.270740	378	1
1.270980	842	1
1.271340	235	0
1.272000	310	1
1.272900	312	1
1.273800	377	1
1.275060	452	1
1.275300	716	1
1.275840	724	1
1.275900	949	1
1.276560	245	1
1.276740	494	1
1.276800	116	1
1.277100	78	0
1.277640	321	1
1.277700	233	1
1.280520	157	1
1.280760	537	1
1.280760	881	1
1.280940	588	1
1.281360	266	1
1.281960	991	1
1.282380	648	1
1.282500	56	0
1.282920	93	0
1.284060	64	0
1.284420	884	1
1.284540	235	1
1.285560	200	1
1.287240	482	1
1.287360	163	1
1.287480	73	0
1.288260	101	0
1.288440	512	1
1.288500	170	0
1.288920	700	1
1.289760	457	1
1.290840	74	1
1.293000	188	0
1.293900	122	1
1.294080	708	1
1.294620	49	0
1.294740	42	0
1.295100	891	1
1.298640	603	1
1.298940	263	1
1.301460	39	0
1.302480	209	0
1.303200	454	1
1.305120	125	1
1.305360	439	1
1.306140	652	1
1.306500	429	1
1.307880	115	1
1.309080	66	0
1.309260	114	0
1.309740	868	1
1.309920	689	1
1.312020	631	1
1.312320	878	1
1.313340	54	0
1.313400	837	1
1.314000	250	1
1.314120	705	1
1.315320	55	1
1.316220	55	0
1.316760	434	1
1.318140	477	1
1.319940	449	1
1.320120	925	1
1.321320	764	1
1.321980	62	0
1.323240	453	1
1.323660	36	0
1.324740	139	0
1.324980	476	1
1.325280	749	1
1.326240	43	0
1.326600	431	1
1.327500	912	1
1.327680	933	1
1.328640	182	0
1.329300	85	0
1.330980	574	1
1.332420	883	1
1.332900	122	0
1.332960	90	0
1.333800	455	1
1.333920	714	1
1.334400	277	1
1.334880	699	1
1.335420	628	1
1.336140	232	1
1.336500	106	0
1.337640	557	1
1.340280	568	1
1.340400	118	0
1.340820	207	1
1.341540	28	0
1.341780	464	1
1.342080	573	1
1.343880	664	1
1.344180	922	1
1.344300	39	1
1.344720	649	1
1.345680	57	0
1.346700	73	1
1.347120	1022	1
1.348620	489	1
1.349220	290	1
1.349760	116	0
1.350600	673	1
1.351140	904	1
1.351500	303	1
1.353840	82	1
1.354140	229	1
1.355400	41	0
1.355940	320	1
1.355940	994	1
1.357500	819	1
1.358700	406	1
1.359000	246	1
1.359720	427	1
1.359900	220	0
1.361220	21	1
1.362300	735	1
1.362360	463	1
1.363140	766	1
1.364880	510	1
1.365840	105	0
1.366320	845	1
1.366500	654	1
1.366680	693	1
1.367280	183	0
1.367460	247	1
1.369140	505	1
1.371060	840	1
1.373700	546	1
1.374900	424	1
1.375200	194	1
1.376160	196	1
1.376220	805	1
1.378260	547	1
1.379160	153	1
1.379520	855	1
1.382100	450	1
1.382700	193	1
1.383000	466	1
1.383540	737	1
1.384920	877	1
1.385160	627	1
1.386060	119	0
1.387260	511	1
1.387620	120	1
1.389900	115	0
1.390560	133	0
1.391700	180	0
1.392240	685	1
1.394520	262	1
1.394760	682	1
1.395060	104	1
1.395360	150	0
1.397520	156	1
1.398360	921	1
1.398900	967	1
1.398960	544	1
1.400640	39	0
1.400640	244	0
1.402500	527	1
1.403880	847	1
1.405560	442	1
1.405680	319	1
1.405800	211	0
1.405860	105	1
1.406040	152	0
1.410120	897	1
1.410900	987	1
1.411200	495	1
1.412580	165	0
1.413000	561	1
1.414620	767	1
1.415160	490	1
1.415520	126	0
1.416660	227	0
1.420020	966	1
1.420860	408	1
1.421820	209	0
1.422540	61	0
1.423560	859	1
1.423800	208	1
1.424040	231	0
1.425960	607	1
1.426860	638	1
1.428720	444	1
1.433520	750	1
1.435260	407	1
1.437000	416	1
1.439940	548	1
1.440840	20	1
1.441500	795	1
1.441560	388	1
1.441620	206	1
1.441680	600	1
1.442040	415	1
1.442340	876	1
1.442940	759	1
1.442940	147	0
1.444680	956	1
1.446420	508	1
1.448760	218	0
1.448820	909	1
1.453140	500	1
1.453560	98	0
1.454280	36	0
1.458420	127	0
1.458780	534	1
1.459380	611	1
1.460400	44	0
1.463100	238	1
1.463880	533	1
1.465140	602	1
1.466160	646	1
1.466340	111	0
1.467120	106	0
1.468680	644	1
1.469460	220	0
1.469580	659	1
1.470420	447	1
1.471080	366	1
1.471140	51	1
1.471500	44	1
1.472160	445	1
1.472520	148	0
1.473180	720	1
1.473540	118	0
1.476420	210	1
1.478820	968	1
1.479780	440	1
1.480440	448	1
1.480920	336	1
1.481460	619	1
1.482240	128	0
1.483380	83	1
1.484340	857	1
1.485360	778	1
1.485420	417	1
1.486980	104	0
1.488720	738	1
1.488900	53	0
1.491180	114	0
1.493820	20	0
1.494120	170	0
1.494840	843	1
1.495980	133	0
1.499400	640	1
1.500360	151	0
1.500720	660	1
1.501920	889	1
1.503240	164	0
1.503540	725	1
1.506960	376	1
1.508460	64	0
1.509540	332	1
1.510260	818	1
1.513680	936	1
1.514460	251	1
1.514880	386	1
1.514880	676	1
1.517820	409	1
1.518480	209	1
1.519500	224	0
1.520760	324	1
1.523400	57	0
1.525200	350	1
1.525320	142	0
1.525620	186	0
1.525980	46	1
1.525980	888	1
1.526160	264	1
1.530240	101	0
1.531500	65	1
1.533480	671	1
1.536360	418	1
1.536720	810	1
1.538280	606	1
1.538820	342	1
1.540440	153	0
1.541520	292	1
1.541760	426	1
1.544280	937	1
1.545240	706	1
1.545300	781	1
1.547100	709	1
1.549500	295	1
1.549620	93	0
1.551660	905	1
1.552860	655	1
1.556460	432	1
1.558440	95	0
1.559100	28	1
1.559400	806	1
1.561620	617	1
1.561620	870	1
1.563600	801	1
1.565520	402	1
1.566540	794	1
1.572120	786	1
1.573680	148	1
1.574280	981	1
1.574880	959	1
1.576020	211	0
1.576680	171	1
1.578420	723	1
1.580760	190	1
1.580880	719	1
1.581540	209	0
1.583460	220	0
1.585200	348	1
1.586400	765	1
1.587300	225	1
1.587360	923	1
1.589460	131	1
1.595100	114	1
1.595700	507	1
1.603860	53	1
1.605780	39	0
1.605840	743	1
1.608000	231	0
1.608660	86	0
1.609140	744	1
1.609680	90	0
1.612680	446	1
1.612920	391	1
1.613220	637	1
1.613760	218	1
1.613820	839	1
1.614840	42	0
1.615080	339	1
1.615680	793	1
1.617780	984	1
1.620180	910	1
1.622700	49	1
1.623180	1003	1
1.624560	798	1
1.624860	216	1
1.627740	823	1
1.633680	821	1
1.636080	106	0
1.636440	790	1
1.636620	254	1
1.638240	109	1
1.641960	36	0
1.643880	808	1
1.644000	473	1
1.644300	672	1
1.644900	100	0
1.645500	412	1
1.651800	161	1
1.652880	87	0
1.655520	740	1
1.661100	29	1
1.661220	800	1
1.664220	717	1
1.664700	467	1
1.671000	315	1
1.672080	219	1
1.674720	760	1
1.676580	832	1
1.677900	220	0
1.678380	983	1
1.680060	61	0
1.680120	308	1
1.694520	729	1
1.695420	101	0
1.696860	481	1
1.699560	957	1
1.704480	754	1
1.706940	711	1
1.708680	154	1
1.709220	911	1
1.709460	761	1
1.710960	468	1
1.711500	960	1
1.713000	183	0
1.715400	903	1
1.717560	570	1
1.718340	596	1
1.719240	274	1
1.719480	736	1
1.719840	175	1
1.721100	869	1
1.724460	95	1
1.730880	697	1
1.731780	747	1
1.732140	313	1
1.732800	458	1
1.733340	276	1
1.735200	110	1
1.738740	558	1
1.739340	209	0
1.740960	16	1
1.741740	748	1
1.741800	669	1
1.742100	305	1
1.742280	478	1
1.742640	824	1
1.744860	195	1
1.745760	399	1
1.745760	797	1
1.749240	400	1
1.755900	80	1
1.756140	831	1
1.757340	275	1
1.759620	235	0
1.763520	641	1
1.764420	118	0
1.773540	861	1
1.777980	924	1
1.778580	196	0
1.780080	220	0
1.783680	78	0
1.784280	392	1
1.784700	318	1
1.786440	749	1
1.787340	491	1
1.788480	173	1
1.788480	323	1
1.793280	692	1
1.794720	484	1
1.796820	220	1
1.799100	213	1
1.804860	188	0
1.809540	383	1
1.810860	271	1
1.816740	955	1
1.816860	943	1
1.822740	67	1
1.824120	144	1
1.824420	293	1
1.827480	633	1
1.835700	745	1
1.835760	865	1
1.836240	449	1
1.838160	132	1
1.840140	896	1
1.840320	152	1
1.845060	170	0
1.847520	944	1
1.851420	757	1
1.855860	718	1
1.856160	93	0
1.861380	137	1
1.862640	337	1
1.865160	192	1
1.865580	172	1
1.865580	925	1
1.872600	157	1
1.874940	220	0
1.876140	962	1
1.876800	289	1
1.879020	480	1
1.884180	36	0
1.884780	892	1
1.885320	62	1
1.885920	201	1
1.888080	610	1
1.888680	827	1
1.893480	825	1
1.894380	837	1
1.904460	933	1
1.905060	918	1
1.905660	809	1
1.907280	215	1
1.909020	209	0
1.910880	247	1
1.911660	312	1
1.919160	91	1
1.922040	304	1
1.929180	1006	1
1.929660	248	1
1.933500	630	1
1.935900	842	1
1.937460	663	1
1.938180	758	1
1.944720	712	1
1.946160	119	1
1.952400	220	0
1.955640	817	1
1.957500	751	1
1.957680	764	1
1.957860	259	1
1.958220	698	1
1.962780	506	1
1.964220	574	1
1.966740	720	1
1.966860	510	1
1.968900	39	0
1.969140	543	1
1.970220	42	0
1.974960	169	1
1.976820	979	1
1.979820	931	1
1.980420	72	1
1.982400	85	1
1.983180	333	1
1.984500	774	1
1.985280	257	1
1.985820	226	1
1.988160	716	1
1.991580	836	1
1.992840	994	1
1.994280	776	1
1.996260	245	1
1.999560	803	1
2.001300	371	1
2.003580	81	1
2.005920	188	0
2.006400	183	0
2.011320	268	1
2.015520	475	1
2.016660	263	1
2.017740	853	1
2.019480	1013	1
2.026440	126	1
2.029260	118	0
2.036400	358	1
2.037780	324	1
2.038200	236	1
2.039940	188	1
2.040420	883	1
2.043000	314	1
2.044440	433	1
2.044500	701	1
2.046960	406	1
2.048040	24	1
2.049060	93	1
2.055060	866	1
2.056320	115	1
2.058900	351	1
2.059980	214	1
2.060760	61	0
2.062440	78	0
2.063280	557	1
2.067540	801	1
2.068800	218	1
2.069400	87	0
2.074860	967	1
2.078280	220	0
2.079240	353	1
2.079240	415	1
2.080020	615	1
2.081880	891	1
2.083800	36	0
2.084340	234	1
2.084520	646	1
2.086620	963	1
2.087040	166	1
2.087400	101	0
2.087760	802	1
2.089560	705	1
2.089980	121	1
2.091480	90	0
2.092500	156	1
2.096640	117	1
2.098980	573	1
2.099400	55	1
2.100840	954	1
2.101860	158	1
2.102100	336	1
2.103120	208	1
2.103780	209	0
2.107320	1008	1
2.108760	1020	1
2.112360	750	1
2.114880	243	1
2.116680	980	1
2.116980	283	1
2.118480	819	1
2.120400	987	1
2.121480	57	0
2.122680	607	1
2.122740	262	1
2.123520	56	1
2.124960	114	1
2.127600	207	1
2.128740	205	1
2.130240	795	1
2.140380	64	0
2.140860	789	1
2.143440	706	1
2.144280	104	1
2.145780	25	1
2.147220	806	1
2.151600	42	0
2.157720	744	1
2.158680	39	0
2.160060	906	1
2.163720	738	1
2.167980	440	1
2.168400	582	1
2.171340	148	1
2.171760	600	1
2.173140	149	1
2.174280	277	1
2.174580	150	1
2.176320	881	1
2.177340	20	1
2.177340	916	1
2.178840	290	1
2.180220	486	1
2.184660	676	1
2.185020	606	1
2.185200	20	0
2.185260	546	1
2.185980	210	1
2.187000	219	1
2.191140	320	1
2.192220	707	1
2.192220	926	1
2.202360	15	1
2.203920	36	0
2.204280	793	1
2.207700	439	1
2.209140	261	1
2.209200	291	1
2.210880	912	1
2.211420	285	1
2.214300	805	1
2.217060	151	1
2.220780	150	0
2.221980	161	1
2.222640	206	1
2.223600	57	1
2.223720	197	1
2.224440	843	1
2.226420	220	0
2.227920	28	0
2.228040	224	1
2.229720	286	1
2.237280	62	0
2.238480	870	1
2.240460	832	1
2.240940	908	1
2.254980	877	1
2.255280	844	1
2.255460	10	1
2.258520	53	0
2.259180	375	1
2.264040	42	0
2.265300	209	0
2.266260	223	1
2.266920	730	1
2.267220	308	1
2.268000	904	1
2.271780	829	1
2.275980	786	1
2.276160	928	1
2.276220	586	1
2.276400	83	1
2.277900	388	1
2.279100	660	1
2.279460	305	1
2.280240	735	1
2.286840	298	1
2.288040	868	1
2.288520	254	1
2.288880	766	1
2.296800	711	1
2.296980	41	0
2.298840	821	1
2.304000	889	1
2.305020	966	1
2.305080	227	0
2.309040	442	1
2.312280	284	1
2.313240	292	1
2.315340	857	1
2.316660	32	1
2.317080	765	1
2.317980	850	1
2.318220	640	1
2.319360	729	1
2.325120	342	1
2.325300	855	1
2.329140	339	1
2.329560	264	1
2.329860	220	0
2.329920	276	1
2.333280	64	0
2.340240	176	1
2.342400	225	1
2.342940	982	1
2.343240	297	1
2.344560	965	1
2.347620	273	1
2.350860	717	1
2.356800	594	1
2.357580	861	1
2.370480	851	1
2.374680	604	1
2.378400	720	1
2.381760	189	1
2.383500	723	1
2.385960	619	1
2.386320	878	1
2.388960	107	1
2.389380	217	1
2.389380	834	1
2.390400	869	1
2.390700	815	1
2.392740	464	1
2.394960	473	1
2.398020	312	1
2.400540	61	0
2.400840	167	1
2.400840	101	0
2.405940	306	1
2.406540	754	1
2.410440	494	1
2.413500	350	1
2.417280	209	0
2.417640	811	1
2.420400	602	1
2.421960	845	1
2.424420	39	1
2.429220	909	1
2.433000	962	1
2.435040	213	0
2.435160	293	1
2.435220	874	1
2.435820	749	1
2.441460	220	0
2.442480	956	1
2.443860	955	1
2.446020	183	0
2.449800	673	1
2.450640	627	1
2.459340	304	1
2.461260	409	1
2.462160	818	1
2.463480	991	1
2.466900	386	1
2.467380	798	1
2.472780	185	1
2.475000	953	1
2.475060	295	1
2.475180	426	1
2.477400	446	1
2.479920	322	1
2.480040	800	1
2.487840	244	1
2.488440	741	1
2.488680	407	1
2.490060	709	1
2.490360	588	1
2.490720	536	1
2.490720	618	1
2.494740	408	1
2.494800	248	1
2.496180	313	1
2.496360	820	1
2.499420	343	1
2.503560	561	1
2.504520	90	0
2.504940	819	1
2.507220	21	1
2.508240	348	1
2.518200	968	1
2.519280	118	0
2.523540	399	1
2.524200	570	1
2.525160	195	1
2.531520	376	1
2.532240	98	0
2.534520	778	1
2.535060	865	1
2.537100	662	1
2.540100	418	1
2.542380	790	1
2.545620	827	1
2.546280	704	1
2.554260	220	0
2.556600	512	1
2.559480	213	1
2.562420	323	1
2.564580	911	1
2.570820	621	1
2.574360	258	1
2.574900	362	1
2.575260	215	1
2.575680	814	1
2.577120	337	1
2.577480	484	1
2.578980	435	1
2.583840	603	1
2.585520	344	1
2.588640	415	1
2.590260	318	1
2.590380	235	1
2.591880	933	1
2.593260	689	1
2.593380	810	1
2.594760	266	1
2.597340	106	1
2.599200	596	1
2.600100	220	1
2.600340	275	1
2.600640	748	1
2.600760	211	0
2.601240	745	1
2.601540	597	1
2.601660	356	1
2.601720	410	1
2.603040	917	1
2.604060	334	1
2.605740	321	1
2.607240	251	1
2.607900	476	1
2.610000	692	1
2.615100	637	1
2.616120	406	1
2.621160	449	1
2.621340	288	1
2.627100	801	1
2.627580	333	1
2.628420	922	1
2.629320	80	1
2.630520	247	1
2.631600	218	1
2.631720	147	0
2.634780	289	1
2.635320	537	1
2.635380	170	0
2.636040	173	1
2.636460	93	0
2.636580	714	1
2.637840	684	1
2.637840	884	1
2.642640	647	1
2.644140	371	1
2.645280	263	1
2.646540	75	0
2.646660	101	0
2.649060	809	1
2.650020	314	1
2.653200	302	1
2.653500	192	1
2.655000	628	1
2.658660	268	1
2.661540	36	0
2.662920	209	0
2.665920	924	1
2.665980	347	1
2.667240	114	0
2.667420	793	1
2.668980	641	1
2.669460	400	1
2.676120	457	1
2.676300	83	0
2.676360	383	1
2.676720	68	0
2.677200	87	0
2.677560	430	1
2.677800	90	0
2.678400	574	1
2.678400	220	0
2.679000	652	1
2.679120	61	0
2.679660	458	1
2.680560	724	1
2.682180	257	1
2.683620	245	1
2.683680	57	0
2.684100	219	1
2.684280	118	0
2.686440	438	1
2.686620	100	0
2.689980	558	1
2.692740	78	0
2.698320	316	1
2.698740	971	1
2.700120	806	1
2.703180	440	1
2.705460	994	1
2.708820	513	1
2.709120	983	1
2.711760	417	1
2.712540	365	1
2.714340	716	1
2.715060	301	1
2.715540	412	1
2.716740	351	1
2.716800	419	1
2.722740	53	0
2.722980	73	0
2.723580	84	1
2.726820	151	0
2.728320	329	1
2.729520	764	1
2.730000	110	1
2.730480	737	1
2.731500	744	1
2.731800	607	1
2.732160	358	1
2.732520	221	1
2.733780	836	1
2.734020	98	0
2.734140	721	1
2.734980	967	1
2.735100	761	1
2.736060	101	0
2.736180	706	1
2.737020	527	1
2.737320	837	1
2.741580	736	1
2.742240	360	1
2.742240	943	1
2.745840	705	1
2.746020	106	0
2.746440	543	1
2.749620	431	1
2.750340	353	1
2.752020	832	1
2.754960	427	1
2.755080	729	1
2.755200	460	1
2.755500	573	1
2.756460	510	1
2.759400	183	0
2.760060	243	1
2.760060	95	0
2.760120	324	1
2.761860	271	1
2.764260	336	1
2.764680	544	1
2.765160	346	1
2.765340	439	1
2.765460	95	1
2.765880	606	1
2.766900	99	0
2.767860	712	1
2.768040	740	1
2.768160	186	0
2.769240	470	1
2.770860	308	1
2.771760	472	1
2.772060	546	1
2.773200	892	1
2.773380	262	1
2.775000	377	1
2.775540	456	1
2.776860	86	0
2.777160	290	1
2.779140	630	1
2.779800	987	1
2.781120	180	0
2.781780	897	1
2.782800	320	1
2.783640	157	1
2.784000	424	1
2.784180	220	0
2.788500	317	1
2.789220	547	1
2.793120	693	1
2.793600	467	1
2.795820	339	1
2.797380	463	1
2.798160	631	1
2.799720	139	0
2.799840	81	0
2.799900	76	0
2.800560	455	1
2.801160	118	0
2.801400	542	1
2.805600	134	0
2.806320	109	0
2.807880	794	1
2.808420	77	0
2.810700	720	1
2.811360	226	1
2.813220	984	1
2.814420	795	1
2.816580	421	1
2.820000	963	1
2.820840	921	1
2.825940	646	1
2.826240	67	1
2.826420	568	1
2.827620	340	1
2.827860	128	0
2.831460	303	1
2.831640	368	1
2.831700	209	0
2.831760	847	1
2.833920	319	1
2.835240	78	0
2.835360	103	0
2.835720	936	1
2.836620	305	1
2.836980	148	1
2.838000	433	1
2.838000	105	0
2.839440	283	1
2.839800	277	1
2.842200	101	0
2.842620	122	0
2.843460	87	0
2.844600	634	1
2.845200	29	1
2.847780	392	1
2.848020	843	1
2.848200	352	1
2.850600	93	0
2.850780	711	1
2.850900	649	1
2.852640	669	1
2.854500	452	1
2.856000	208	1
2.856720	925	1
2.859960	450	1
2.862720	702	1
2.867220	876	1
2.867460	90	0
2.868360	269	1
2.868360	743	1
2.868900	272	1
2.872680	73	0
2.874300	429	1
2.875440	147	0
2.876940	152	0
2.877060	447	1
2.878980	738	1
2.879400	482	1
2.882520	229	1
2.884500	495	1
2.885100	114	1
2.885880	701	1
2.886180	55	1
2.886720	350	1
2.886840	600	1
2.887800	85	1
2.889600	132	1
2.889660	398	1
2.889840	312	1
2.890440	444	1
2.890440	698	1
2.891400	944	1
2.892120	477	1
2.892960	718	1
2.893260	442	1
2.895420	434	1
2.896080	57	0
2.896500	276	1
2.897400	359	1
2.899800	114	0
2.902020	292	1
2.902140	602	1
2.902440	91	1
2.902680	859	1
2.904000	436	1
2.905380	654	1
2.906280	207	1
2.907480	172	1
2.910720	757	1
2.913060	611	1
2.916360	210	1
2.916600	466	1
2.916900	949	1
2.917140	883	1
2.919120	232	1
2.920260	106	0
2.921760	861	1
2.921820	220	0
2.921880	722	1
2.922180	918	1
2.923140	370	1
2.924040	557	1
2.925300	86	0
2.925600	235	0
2.927220	64	0
2.928120	407	1
2.929800	296	1
2.931120	676	1
2.933100	853	1
2.936820	889	1
2.944080	231	1
2.945280	233	1
2.947860	581	1
2.947920	105	0
2.947980	453	1
2.948640	677	1
2.948940	717	1
2.951220	500	1
2.951760	284	1
2.952120	747	1
2.952600	464	1
2.953080	78	0
2.953560	511	1
2.954040	42	0
2.955360	640	1
2.956440	149	1
2.956980	446	1
2.957160	378	1
2.959380	98	0
2.959560	486	1
2.961000	87	0
2.961420	200	1
2.965140	100	0
2.965320	62	1
2.965800	165	0
2.967480	231	0
2.968260	118	0
2.968320	161	1
2.968560	116	0
2.972460	781	1
2.973180	214	1
2.973180	286	1
2.973540	209	0
2.975400	821	1
2.976300	776	1
2.977800	115	1
2.978760	786	1
2.980380	291	1
2.980440	750	1
2.980680	505	1
2.981520	660	1
2.983440	386	1
2.985120	88	1
2.987100	699	1
2.989860	193	1
2.992800	20	1
2.995200	473	1
2.995260	246	1
2.997420	72	0
2.997960	62	0
2.998200	409	1
2.999340	490	1
3.000000	619	1
3.002280	376	1
3.004320	648	1
3.006120	605	1
3.010440	774	1
3.010500	36	0
3.011580	615	1
3.013260	39	0
3.016980	54	0
3.017640	422	1
3.019020	931	1
3.019200	83	1
3.022260	234	1
3.023280	664	1
3.023280	707	1
3.027420	189	0
3.028740	805	1
3.031620	725	1
3.032280	445	1
3.037080	962	1
3.037200	534	1
3.037380	720	1
3.038580	119	1
3.041160	1006	1
3.041220	508	1
3.044280	663	1
3.045420	220	0
3.047700	399	1
3.049800	532	1
3.051660	408	1
3.054120	156	1
3.055320	586	1
3.058080	888	1
3.058200	375	1
3.060240	152	1
3.062760	923	1
3.063120	101	0
3.063180	723	1
3.064380	728	1
3.065700	487	1
3.066540	700	1
3.066720	293	1
3.067080	507	1
3.068280	415	1
3.068640	437	1
3.069720	489	1
3.072060	261	1
3.072360	332	1
3.074100	225	1
3.074700	118	0
3.074880	144	1
3.081960	337	1
3.082080	306	1
3.085740	533	1
3.086460	891	1
3.087480	298	1
3.088500	104	1
3.088740	751	1
3.089160	418	1
3.089160	106	0
3.092340	206	1
3.093660	104	0
3.098040	366	1
3.098220	264	1
3.098700	1008	1
3.100560	56	1
3.101040	484	1
3.101160	449	1
3.101280	183	0
3.102240	881	1
3.103080	267	1
3.103320	406	1
3.104940	93	0
3.106680	105	0
3.107460	64	0
3.107760	295	1
3.110040	259	1
3.110640	42	0
3.111480	114	0
3.113040	297	1
3.116700	355	1
3.118020	133	0
3.118380	382	1
3.119100	73	1
3.119520	831	1
3.121260	789	1
3.122280	115	0
3.122460	749	1
3.122520	1022	1
3.124620	662	1
3.126540	343	1
3.127140	218	1
3.127860	77	0
3.127980	100	0
3.128460	765	1
3.129360	870	1
3.130200	481	1
3.133680	201	1
3.134400	448	1
3.135300	909	1
3.137700	638	1
3.140160	548	1
3.140580	209	0
3.140820	254	1
3.142680	767	1
3.142860	310	1
3.143340	457	1
3.146700	186	0
3.146820	86	0
3.148380	527	1
3.150780	709	1
3.151440	708	1
3.151620	73	0
3.158160	223	1
3.158220	322	1
3.160560	81	1
3.163260	68	0
3.163560	561	1
3.164400	57	1
3.168300	342	1
3.170340	95	0
3.171360	78	0
3.172560	706	1
3.176400	238	1
3.176820	170	0
3.178080	596	1
3.178740	61	0
3.179640	339	1
3.181560	440	1
3.182520	304	1
3.184140	869	1
3.184560	215	1
3.185040	363	1
3.185640	839	1
3.190500	912	1
3.191340	122	1
3.191460	220	0
3.192900	85	0
3.197580	766	1
3.198300	36	0
3.199140	868	1
3.200640	247	1
3.202980	388	1
3.204180	313	1
3.204360	169	1
3.204600	842	1
3.204840	454	1
3.205320	248	1
3.205980	494	1
3.206940	819	1
3.207000	595	1
3.209520	536	1
3.212400	692	1
3.214500	758	1
3.215040	803	1
3.215580	469	1
3.217920	219	1
3.228180	118	0
3.230400	257	1
3.232680	705	1
3.233460	90	0
3.233940	432	1
3.235140	333	1
3.235500	744	1
3.237420	260	1
3.238200	192	1
3.239580	606	1
3.242760	678	1
3.243420	729	1
3.246120	574	1
3.246660	933	1
3.246720	658	1
3.248340	126	1
3.251400	114	0
3.252900	570	1
3.253140	268	1
3.254520	245	1
3.256800	213	0
3.257280	209	0
3.257760	263	1
3.260100	344	1
3.263520	224	1
3.264120	44	1
3.264540	801	1
3.271860	537	1
3.283500	308	1
3.285060	217	1
3.285780	754	1
3.287580	68	0
3.294180	188	1
3.294240	823	1
3.294480	877	1
3.295440	802	1
3.301260	57	0
3.305940	855	1
3.306240	312	1
3.306900	220	1
3.307080	244	1
3.307620	157	1
3.308160	400	1
3.310920	627	1
3.312180	15	1
3.312240	904	1
3.312900	62	0
3.313320	903	1
3.313620	384	1
3.314520	64	0
3.315060	955	1
3.317460	129	1
3.317880	93	1
3.318060	73	0
3.318540	87	0
3.318900	416	1
3.324660	106	0
3.329640	510	1
3.331980	318	1
3.335700	336	1
3.336360	220	0
3.338280	479	1
3.342840	314	1
3.344700	101	0
3.345480	966	1
3.347700	590	1
3.348600	793	1
3.349320	40	0
3.350820	357	1
3.352980	865	1
3.354240	798	1
3.357360	153	1
3.360720	468	1
3.361020	594	1
3.362040	476	1
3.362580	25	1
3.363120	730	1
3.365340	262	1
3.368340	735	1
3.368820	439	1
3.371460	358	1
3.374400	371	1
3.382200	637	1
3.382200	42	0
3.383520	277	1
3.385980	60	0
3.386700	711	1
3.387360	546	1
3.388560	78	0
3.390900	837	1
3.391260	251	1
3.394200	61	0
3.402420	197	1
3.403260	836	1
3.403560	506	1
3.404700	320	1
3.406260	968	1
3.408420	526	1
3.409680	266	1
3.412200	98	0
3.412560	273	1
3.413460	478	1
3.414240	348	1
3.414540	290	1
3.414540	53	0
3.417420	151	1
3.418740	205	1
3.419340	148	1
3.423960	531	1
3.424440	114	1
3.425940	167	1
3.426420	236	1
3.429600	458	1
3.429720	305	1
3.431460	90	0
3.432180	720	1
3.432960	213	1
3.434220	512	1
3.437520	243	1
3.439440	604	1
3.439620	275	1
3.441360	745	1
3.444000	832	1
3.449160	209	0
3.450720	446	1
3.451560	36	0
3.451980	573	1
3.453600	790	1
3.457200	220	0
3.458820	572	1
3.458940	994	1
3.459300	39	0
3.459780	806	1
3.462600	569	1
3.463200	117	1
3.463920	323	1
3.464700	464	1
3.464760	607	1
3.465900	118	0
3.467340	274	1
3.468240	328	1
3.469200	166	1
3.470160	878	1
3.472200	209	1
3.474300	276	1
3.475800	603	1
3.481920	967	1
3.482100	748	1
3.482400	353	1
3.486360	195	1
3.489540	544	1
3.491580	101	0
3.499260	57	0
3.499320	289	1
3.499320	42	0
3.499800	845	1
3.500700	196	1
3.501660	621	1
3.508200	716	1
3.509100	54	0
3.509280	241	1
3.509520	965	1
3.511080	190	1
3.513660	712	1
3.516660	85	1
3.516840	889	1
3.517800	800	1
3.519780	250	1
3.521340	271	1
3.522060	824	1
3.522240	301	1
3.524220	321	1
3.525120	543	1
3.529080	982	1
3.532980	827	1
3.535380	294	1
3.537540	49	0
3.540300	470	1
3.540360	221	1
3.541620	441	1
3.543540	407	1
3.545280	78	0
3.546480	161	1
3.546780	911	1
3.546840	64	0
3.550500	288	1
3.550680	646	1
3.551100	350	1
3.551400	208	1
3.558540	987	1
3.560580	324	1
3.561420	600	1
3.563760	736	1
3.563940	220	0
3.565020	44	0
3.568080	61	0
3.568260	741	1
3.570120	147	0
3.570240	210	1
3.571680	35	0
3.575400	62	0
3.581040	402	1
3.582840	285	1
3.590280	284	1
3.592560	962	1
3.593340	545	1
3.598200	125	1
3.599580	928	1
3.600000	57	0
3.600180	80	1
3.602160	861	1
3.603360	55	0
3.604740	558	1
3.606240	226	1
3.611580	315	1
3.611760	689	1
3.614940	764	1
3.616140	843	1
3.619920	36	0
3.626040	337	1
3.626160	110	1
3.627840	588	1
3.629640	32	1
3.631140	415	1
3.632340	225	1
3.633000	760	1
3.636360	356	1
3.637020	991	1
3.637260	614	1
3.638340	283	1
3.649980	55	1
3.655500	399	1
3.659940	115	1
3.663000	302	1
3.664260	568	1
3.667920	682	1
3.669060	292	1
3.677040	660	1
3.680760	473	1
3.681120	218	1
3.684240	408	1
3.684240	704	1
3.684840	95	1
3.687840	173	1
3.688740	156	1
3.689700	435	1
3.691200	983	1
3.691320	107	1
3.691680	795	1
3.695640	778	1
3.698400	738	1
3.699240	248	1
3.700440	410	1
3.700620	786	1
3.701400	240	1
3.703560	426	1
3.704880	39	0
3.705360	750	1
3.706800	412	1
3.707700	383	1
3.716280	311	1
3.721380	347	1
3.722280	83	1
3.722700	406	1
3.724920	449	1
3.725700	220	0
3.727800	101	0
3.729720	378	1
3.731220	943	1
3.732540	118	0
3.734640	619	1
3.736020	20	1
3.739680	433	1
3.740340	304	1
3.741600	417	1
3.742380	206	1
3.745440	36	0
3.746280	597	1
3.750540	106	0
3.753240	132	1
3.754440	440	1
3.755700	484	1
3.755880	749	1
3.757140	419	1
3.759360	431	1
3.759660	209	0
3.760920	98	0
3.761820	317	1
3.762000	821	1
3.763380	29	1
3.767220	263	1
3.769980	717	1
3.771540	293	1
3.773760	618	1
3.773940	319	1
3.776400	255	1
3.780180	557	1
3.781380	744	1
3.782700	105	0
3.782760	339	1
3.782820	150	1
3.783240	386	1
3.784020	207	1
3.784860	247	1
3.785940	684	1
3.787440	264	1
3.787680	219	1
3.787920	149	1
3.792660	365	1
3.794160	602	1
3.797040	729	1
3.798060	64	0
3.798720	723	1
3.799500	342	1
3.801240	100	0
3.805260	103	0
3.806460	215	1
3.806580	421	1
3.807120	819	1
3.807360	630	1
3.808860	172	1
3.809520	286	1
3.809700	42	0
3.809820	640	1
3.816300	93	0
3.818460	175	1
3.818460	312	1
3.819060	86	0
3.820320	189	1
3.820380	714	1
3.821580	438	1
3.821880	234	1
3.821880	78	0
3.822360	228	1
3.823920	360	1
3.824160	214	1
3.826020	119	1
3.827340	77	0
3.827700	709	1
3.828240	254	1
3.830700	505	1
3.833940	62	0
3.834600	70	0
3.834900	60	0
3.835440	85	0
3.837960	644	1
3.838140	628	1
3.838440	706	1
3.839220	442	1
3.839640	72	1
3.840180	306	1
3.841440	257	1
3.841620	924	1
3.844080	805	1
3.846300	68	0
3.846360	542	1
3.846780	104	1
3.847380	334	1
3.847740	295	1
3.848280	52	0
3.849960	57	0
3.850200	467	1
3.855120	984	1
3.866280	71	0
3.868860	36	0
3.869760	232	1
3.872400	87	0
3.876000	91	1
3.877560	170	0
3.879960	430	1
3.880080	574	1
3.881640	193	1
3.882660	290	1
3.887160	720	1
3.889200	185	1
3.889800	186	0
3.889920	463	1
3.892920	84	1
3.895740	615	1
3.896340	171	1
3.897240	201	1
3.897360	220	0
3.898140	308	1
3.900000	313	1
3.903720	351	1
3.904140	375	1
3.906240	486	1
3.907860	261	1
3.911100	61	0
3.913200	245	1
3.914460	586	1
3.915360	192	1
3.923040	606	1
3.923160	158	1
3.924060	93	1
3.925260	39	0
3.928020	455	1
3.929760	439	1
3.930780	673	1
3.932580	82	1
3.934560	801	1
3.935580	811	1
3.936360	42	0
3.937560	418	1
3.939180	157	1
3.947700	169	1
3.948180	320	1
3.949080	765	1
3.949380	118	0
3.950460	229	1
3.951720	814	1
3.952440	494	1
3.953280	460	1
3.954240	106	1
3.955680	106	0
3.957300	114	1
3.961980	561	1
3.962820	152	1
3.965220	980	1
3.965580	793	1
3.966660	527	1
3.967320	20	0
3.972180	641	1
3.973440	101	0
3.976200	297	1
3.976740	35	0
3.978300	217	1
3.978540	62	1
3.980460	409	1
3.982380	645	1
3.985260	233	1
3.985860	647	1
3.989940	198	1
3.992700	547	1
3.993300	933	1
3.995100	36	0
3.997020	148	1
3.997800	223	1
3.998340	73	0
3.999120	262	1
3.999240	870	1
4.003140	336	1
4.003980	477	1
4.006440	137	1
4.008780	277	1
4.009380	53	0
4.010940	333	1
4.014000	296	1
4.014060	476	1
4.014300	220	1
4.014780	711	1
4.020480	627	1
4.022700	136	1
4.030680	244	1
4.031580	662	1
4.032300	607	1
4.034580	701	1
4.037160	971	1
4.039080	43	0
4.039200	596	1
4.039500	220	0
4.039740	346	1
4.040220	450	1
4.040880	376	1
4.042080	144	1
4.042080	692	1
4.042140	362	1
4.042200	81	1
4.042500	343	1
4.043160	944	1
4.044960	472	1
4.045560	481	1
4.046340	90	0
4.046760	40	0
4.048680	258	1
4.057320	740	1
4.063860	663	1
4.065060	291	1
4.069380	161	1
4.069740	634	1
4.070040	676	1
4.070880	482	1
4.071120	573	1
4.072320	314	1
4.072620	1006	1
4.078140	415	1
4.078620	209	0
4.079580	56	1
4.081020	707	1
4.086780	39	0
4.086960	322	1
4.087800	318	1
4.088220	194	1
4.088700	57	1
4.089420	188	1
4.091400	377	1
4.091640	464	1
4.098360	238	1
4.098480	649	1
4.104600	170	0
4.110240	66	1
4.112760	78	0
4.113240	85	1
4.114680	353	1
4.115520	344	1
4.118100	392	1
4.120260	456	1
4.120620	100	0
4.121100	427	1
4.121100	150	0
4.122900	832	1
4.125000	195	1
4.125120	718	1
4.125480	652	1
4.129500	510	1
4.130880	358	1
4.133460	705	1
4.133700	266	1
4.134780	350	1
4.136820	218	1
4.139520	766	1
4.141080	163	1
4.143960	118	0
4.147320	64	0
4.151220	120	1
4.153920	853	1
4.155000	305	1
4.156800	329	1
4.159680	600	1
4.160160	268	1
4.162800	1008	1
4.162980	42	0
4.167960	546	1
4.168440	965	1
4.168500	101	0
4.171620	220	0
4.175220	918	1
4.175280	581	1
4.177740	90	0
4.177980	36	0
4.181340	406	1
4.181400	225	1
4.181700	388	1
4.181880	340	1
4.182720	122	1
4.184700	446	1
4.184820	348	1
4.185420	61	0
4.186260	57	0
4.187160	323	1
4.190340	637	1
4.191720	495	1
4.193100	208	1
4.194540	126	1
4.194600	398	1
4.196640	669	1
4.202040	226	1
4.204800	289	1
4.210860	248	1
4.211340	400	1
4.212780	453	1
4.213380	292	1
4.221900	259	1
4.221960	857	1
4.223040	570	1
4.224180	371	1
4.227180	156	1
4.227300	892	1
4.231800	699	1
4.232820	458	1
4.233720	219	1
4.235520	352	1
4.236600	276	1
4.236720	617	1
4.239720	359	1
4.240560	655	1
4.240800	86	0
4.241220	235	1
4.243440	677	1
4.245420	994	1
4.246920	967	1
4.250880	721	1
4.252140	98	0
4.254060	536	1
4.254360	869	1
4.255980	87	0
4.256580	298	1
4.259040	337	1
4.260900	78	0
4.261080	955	1
4.264320	648	1
4.266060	39	1
4.266840	275	1
4.268880	73	0
4.271040	962	1
4.271820	429	1
4.272360	131	1
4.277040	660	1
4.278180	303	1
4.280460	449	1
4.284720	408	1
4.285260	444	1
4.291080	339	1
4.293120	220	0
4.293540	744	1
4.294980	646	1
4.295760	20	0
4.297260	440	1
4.298640	386	1
4.299240	424	1
4.300320	118	0
4.301640	293	1
4.302000	987	1
4.305240	251	1
4.305960	114	0
4.307100	243	1
4.307520	324	1
4.309320	21	1
4.312200	215	1
4.313880	720	1
4.314000	861	1
4.314180	68	0
4.316400	213	1
4.319340	224	1
4.319520	963	1
4.320240	716	1
4.321260	104	0
4.324800	370	1
4.326540	931	1
4.329000	407	1
4.332300	445	1
4.335120	210	1
4.338900	399	1
4.341060	312	1
4.342440	729	1
4.343760	712	1
4.344180	417	1
4.344540	949	1
4.349040	922	1
4.349580	216	1
4.350000	301	1
4.352400	621	1
4.354800	606	1
4.356000	93	0
4.359360	167	1
4.359420	209	0
4.359720	594	1
4.363860	105	0
4.365000	702	1
4.365300	98	0
4.368060	419	1
4.368720	86	0
4.372380	263	1
4.375140	247	1
4.376040	764	1
4.377480	754	1
4.379340	790	1
4.380360	391	1
4.382520	1022	1
4.383480	436	1
4.384080	173	1
4.384140	737	1
4.388340	706	1
4.388820	257	1
4.391220	57	0
4.394580	64	0
4.394760	55	0
4.396200	470	1
4.396440	912	1
4.396860	803	1
4.397580	466	1
4.398360	110	1
4.398660	820	1
4.398720	631	1
4.399320	452	1
4.402020	321	1
4.403940	90	0
4.404900	271	1
4.405980	36	0
4.407780	313	1
4.409760	101	0
4.411560	183	0
4.412040	968	1
4.415760	966	1
4.416840	78	0
4.417380	205	1
4.417380	231	1
4.418880	603	1
4.419960	15	1
4.422660	711	1
4.426020	698	1
4.427160	95	1
4.429080	221	1
4.429800	735	1
4.430100	447	1
4.432800	891	1
4.433040	557	1
4.435980	62	0
4.437120	284	1
4.437840	192	1
4.440360	537	1
4.453320	115	1
4.456620	25	1
4.458060	200	1
4.460460	182	1
4.461000	421	1
4.461120	61	0
4.461720	100	0
4.463760	394	1
4.465680	806	1
4.472580	55	1
4.474560	602	1
4.482300	67	1
4.483200	245	1
4.484340	439	1
4.487100	149	1
4.487340	619	1
4.487580	53	0
4.488480	981	1
4.490220	308	1
4.490640	725	1
4.491480	457	1
4.492500	630	1
4.494420	220	0
4.498080	749	1
4.502100	65	1
4.504020	956	1
4.504800	745	1
4.504920	256	1
4.505700	689	1
4.506240	290	1
4.509720	88	1
4.512000	42	0
4.513860	500	1
4.516860	283	1
4.518960	148	1
4.522080	272	1
4.523100	723	1
4.524600	277	1
4.526040	795	1
4.530780	738	1
4.533120	151	1
4.533900	206	1
4.535400	20	1
4.535580	722	1
4.537620	717	1
4.544460	943	1
4.545480	778	1
4.545780	743	1
4.547460	36	0
4.553280	473	1
4.553820	157	1
4.555080	264	1
4.557420	73	0
4.566120	412	1
4.566540	274	1
4.570680	819	1
4.571580	114	1
4.572060	435	1
4.574400	104	1
4.578060	512	1
4.578660	132	1
4.579740	384	1
4.580340	836	1
4.582500	467	1
4.582800	166	1
4.587360	604	1
4.588020	64	0
4.588620	39	0
4.589100	236	1
4.591500	843	1
4.592220	320	1
4.592820	730	1
4.594380	692	1
4.595280	709	1
4.598580	418	1
4.598760	798	1
4.599660	607	1
4.605720	285	1
4.606140	101	0
4.611240	209	0
4.612620	342	1
4.614240	534	1
4.614420	600	1
4.615440	982	1
4.619280	750	1
4.620600	172	1
4.622700	776	1
4.623600	118	0
4.624320	197	1
4.628100	83	1
4.628160	188	0
4.628640	29	1
4.628640	106	0
4.629780	170	0
4.631520	543	1
4.632000	80	1
4.632360	180	0
4.633380	378	1
4.634820	837	1
4.635540	991	1
4.637700	437	1
4.637880	484	1
4.638840	1003	1
4.638960	220	0
4.641300	793	1
4.641420	129	1
4.641840	757	1
4.642920	983	1
4.642980	426	1
4.644660	336	1
4.644720	176	1
4.649640	720	1
4.650060	494	1
4.651320	527	1
4.651320	640	1
4.656240	751	1
4.656300	91	1
4.659420	305	1
4.659660	673	1
4.659900	304	1
4.660140	218	1
4.663080	286	1
4.663200	214	1
4.664160	254	1
4.665420	273	1
4.665420	476	1
4.665720	574	1
4.666440	832	1
4.667400	544	1
4.671720	442	1
4.672980	295	1
4.677240	201	1
4.677300	42	0
4.678860	693	1
4.678920	786	1
4.684860	246	1
4.687440	61	0
4.687500	196	1
4.687500	801	1
4.688220	800	1
4.693080	821	1
4.695780	71	0
4.696680	911	1
4.704480	748	1
4.705080	809	1
4.707840	415	1
4.711140	865	1
4.711560	416	1
4.713180	684	1
4.715940	262	1
4.719600	464	1
4.720200	708	1
4.720260	827	1
4.722720	207	1
4.724040	220	0
4.725360	186	0
4.725480	789	1
4.727520	121	1
4.728960	805	1
4.729740	446	1
4.731000	161	1
4.731120	729	1
4.732560	701	1
4.732800	889	1
4.734900	39	0
4.734960	736	1
4.736760	627	1
4.736820	333	1
4.737840	705	1
4.738140	248	1
4.741740	40	0
4.742640	409	1
4.743180	870	1
4.743420	316	1
4.747320	558	1
4.749960	152	1
4.751040	193	1
4.752720	118	0
4.753440	928	1
4.754700	36	0
4.755780	704	1
4.758960	664	1
4.759560	933	1
4.760460	219	1
4.762560	119	1
4.763100	802	1
4.763100	101	0
4.771320	573	1
4.773420	234	1
4.773540	561	1
4.777140	794	1
4.777200	744	1
4.777560	261	1
4.781040	818	1
4.782720	851	1
4.782900	90	0
4.786680	433	1
4.787580	761	1
4.789680	209	0
4.792860	868	1
4.793280	106	0
4.794000	10	1
4.801980	546	1
4.801980	774	1
4.809420	815	1
4.810260	432	1
4.810740	904	1
4.811580	220	0
4.812720	628	1
4.813740	358	1
4.818300	220	1
4.820460	190	1
4.820580	117	1
4.820700	332	1
4.821480	662	1
4.823700	676	1
4.826400	845	1
4.830240	984	1
4.830780	741	1
4.838580	747	1
4.840680	62	1
4.842060	714	1
4.844640	208	1
4.847280	925	1
4.850040	431	1
4.850940	847	1
4.851480	360	1
4.852080	781	1
4.852800	506	1
4.855020	85	1
4.856280	765	1
4.859820	407	1
4.860480	153	1
4.861020	383	1
4.862460	859	1
4.862640	767	1
4.864980	223	1
4.865040	227	0
4.866540	276	1
4.869060	606	1
4.870500	144	1
4.872720	57	0
4.875360	251	1
4.875840	883	1
4.877040	169	1
4.878480	542	1
4.878540	489	1
4.881660	921	1
4.882980	861	1
4.883400	312	1
4.885980	318	1
4.889940	406	1
4.891500	719	1
4.893060	18	1
4.894260	101	0
4.895340	215	1
4.895400	375	1
4.899300	754	1
4.899480	691	1
4.900560	586	1
4.902960	81	1
4.904520	36	0
4.905840	766	1
4.907580	183	0
4.907760	615	1
4.908840	570	1
4.910160	186	0
4.913220	339	1
4.914360	454	1
4.914720	400	1
4.916700	646	1
4.919640	73	1
4.920900	291	1
4.921080	712	1
4.923420	641	1
4.924620	337	1
4.925400	706	1
4.925460	209	0
4.925640	314	1
4.925700	844	1
4.930560	967	1
4.931520	596	1
4.932000	399	1
4.932480	353	1
4.932900	855	1
4.933140	350	1
4.933860	994	1
4.934040	78	0
4.934400	196	0
4.935300	877	1
4.936080	232	1
4.939320	225	1
4.939620	93	1
4.946820	881	1
4.951500	64	0
4.955940	188	1
4.956300	897	1
4.956660	220	0
4.956900	440	1
4.959180	764	1
4.960740	44	1
4.961820	351	1
4.965240	638	1
4.966860	347	1
4.970820	53	0
4.974660	909	1
4.975140	618	1
4.975200	226	1
4.978860	43	0
4.979040	663	1
4.979760	878	1
4.982880	410	1
4.983840	118	0
4.986180	371	1
4.986420	892	1
4.990620	42	0
4.991940	711	1
4.994100	918	1
4.994220	106	0
4.995240	760	1
4.995480	957	1
4.999080	962	1
4.999500	388	1
5.000460	376	1
5.003160	637	1
5.004540	156	1
5.005680	87	0
5.006640	480	1
5.007840	660	1
5.011380	449	1
5.012400	823	1
5.012520	386	1
5.012820	533	1
5.015100	348	1
5.020740	463	1
5.021340	90	0
5.021520	257	1
5.022780	924	1
5.025840	724	1
5.029800	654	1
5.029920	250	1
5.030580	434	1
5.031780	888	1
5.041920	825	1
5.042700	408	1
5.045280	227	0
5.047260	548	1
5.048760	793	1
5.051940	114	1
5.052180	987	1
5.054880	365	1
5.055300	814	1
5.058420	438	1
5.059020	649	1
5.063220	101	0
5.067840	115	1
5.069580	839	1
5.070660	245	1
5.071260	32	1
5.072820	115	0
5.072880	716	1
5.072880	718	1
5.073240	458	1
5.073360	597	1
5.074080	220	0
5.077800	61	0
5.083980	811	1
5.084820	209	0
5.085360	510	1
5.094180	98	0
5.094540	110	1
5.095500	366	1
5.096340	944	1
5.099940	148	1
5.101260	323	1
5.101260	93	0
5.109060	720	1
5.109900	84	1
5.116740	717	1
5.116860	729	1
5.119020	490	1
5.119680	669	1
5.120100	183	0
5.122800	819	1
5.124180	306	1
5.128260	192	1
5.130000	869	1
5.130420	602	1
5.133780	652	1
5.134620	118	0
5.134980	700	1
5.137560	1006	1
5.137860	55	1
5.139900	853	1
5.143080	486	1
5.143500	263	1
5.143620	264	1
5.152260	740	1
5.152560	971	1
5.155080	419	1
5.161560	749	1
5.164680	723	1
5.167740	460	1
5.169180	149	1
5.176980	322	1
5.176980	790	1
5.178480	759	1
5.186700	344	1
5.188320	832	1
5.191020	95	1
5.191560	275	1
5.192580	289	1
5.193300	220	0
5.193600	923	1
5.195400	430	1
5.196000	302	1
5.196240	912	1
5.196780	965	1
5.198820	189	1
5.205480	605	1
5.205660	536	1
5.206800	955	1
5.208420	931	1
5.211960	692	1
5.218380	417	1
5.219040	209	0
5.219160	292	1
5.222700	963	1
5.223060	896	1
5.223900	588	1
5.225820	324	1
5.230620	439	1
5.231280	980	1
5.233380	797	1
5.233740	20	1
5.233740	173	1
5.238360	735	1
5.239500	707	1
5.239800	195	1
5.240760	343	1
5.241540	1008	1
5.244900	377	1
5.247180	953	1
5.248380	842	1
5.250240	235	0
5.253300	491	1
5.254560	36	0
5.254980	101	0
5.256120	150	1
5.261400	210	1
5.261520	557	1
5.265480	329	1
5.273820	450	1
5.274720	836	1
5.282640	157	1
5.283060	968	1
5.290080	695	1
5.291340	68	0
5.295120	713	1
5.296560	698	1
5.297340	843	1
5.302140	630	1
5.303100	470	1
5.306160	313	1
5.307600	738	1
5.308080	220	0
5.309460	744	1
5.309820	621	1
5.310540	709	1
5.312040	308	1
5.316780	312	1
5.316960	527	1
5.318160	705	1
5.323380	56	1
5.324640	473	1
5.324760	513	1
5.328840	268	1
5.332260	537	1
5.332500	219	1
5.334420	806	1
5.337840	247	1
5.340240	476	1
5.340240	505	1
5.340720	966	1
5.349300	170	0
5.349960	495	1
5.356320	415	1
5.361540	118	0
5.362260	122	1
5.366160	91	1
5.366580	305	1
5.369880	865	1
5.371680	547	1
5.373060	494	1
5.373240	750	1
5.375520	801	1
5.377200	293	1
5.378280	446	1
5.380920	574	1
5.382120	933	1
5.383560	356	1
5.386560	440	1
5.386560	464	1
5.386860	467	1
5.389080	706	1
5.392320	837	1
5.393160	607	1
5.394480	336	1
5.398860	248	1
5.403300	421	1
5.408940	209	0
5.409420	581	1
5.410320	220	0
5.411520	359	1
5.414700	482	1
5.423160	472	1
5.426280	484	1
5.427420	798	1
5.428020	436	1
5.429880	699	1
5.430240	412	1
5.431200	218	1
5.431500	600	1
5.432640	342	1
5.434020	418	1
5.435040	406	1
5.435100	870	1
5.436240	619	1
5.436420	720	1
5.436540	122	0
5.437200	648	1
5.437440	221	1
5.438280	478	1
5.441340	889	1
5.442840	442	1
5.445120	840	1
5.445240	903	1
5.450280	606	1
5.451540	101	0
5.455500	481	1
5.460960	134	0
5.462220	861	1
5.466000	561	1
5.467440	215	1
5.467920	979	1
5.469840	449	1
5.471400	114	0
5.472240	627	1
5.474940	795	1
5.475180	337	1
5.478120	57	1
5.480280	172	1
5.481540	398	1
5.487900	983	1
5.491320	29	1
5.495520	640	1
5.495700	320	1
5.496540	477	1
5.497080	745	1
5.498580	106	0
5.498640	647	1
5.500980	546	1
5.501220	118	0
5.502420	426	1
5.503260	207	1
5.508360	83	1
5.512980	220	0
5.513280	778	1
5.514900	119	1
5.515740	456	1
5.517420	1013	1
5.518800	353	1
5.520480	821	1
5.528700	631	1
5.528760	458	1
5.529180	104	1
5.529300	507	1
5.529420	910	1
5.530260	573	1
5.534640	453	1
5.536260	399	1
5.539740	15	1
5.540940	711	1
5.542680	447	1
5.542800	737	1
5.545440	409	1
5.547900	943	1
5.550360	224	1
5.553660	786	1
5.556060	100	0
5.556660	857	1
5.561280	378	1
5.567820	424	1
5.569620	729	1
5.573760	142	0
5.575020	132	1
5.575020	93	0
5.575500	962	1
5.582700	468	1
5.584740	967	1
5.592660	558	1
5.594280	220	1
5.594820	85	1
5.595960	105	0
5.597220	884	1
5.599140	510	1
5.599980	339	1
5.600280	90	0
5.606340	466	1
5.608980	452	1
5.611740	805	1
5.622540	334	1
5.626500	283	1
5.630820	810	1
5.632440	994	1
5.632560	475	1
5.635440	457	1
5.636760	392	1
5.637600	596	1
5.637780	167	1
5.638800	370	1
5.640900	118	0
5.641800	982	1
5.643240	220	0
5.657280	408	1
5.657520	512	1
5.659740	114	0
5.665560	793	1
5.665980	949	1
5.667360	751	1
5.668020	891	1
5.668680	911	1
5.670780	543	1
5.673000	937	1
5.681400	500	1
5.684460	487	1
5.687280	776	1
5.688300	201	1
5.689080	407	1
5.689560	827	1
5.692800	463	1
5.698560	290	1
5.700180	148	1
5.703720	276	1
5.710440	1020	1
5.710500	161	1
5.717280	637	1
5.719500	271	1
5.723520	800	1
5.730420	149	1
5.736720	106	0
5.737620	433	1
5.742660	925	1
5.745840	803	1
5.746500	114	1
5.746560	213	1
5.747700	928	1
5.748240	80	1
5.748360	866	1
5.750520	234	1
5.754840	231	0
5.764860	819	1
5.766720	220	0
5.766780	286	1
5.767560	868	1
5.768520	987	1
5.771280	832	1
5.773860	736	1
5.774160	350	1
5.777280	295	1
5.788260	660	1
5.789160	594	1
5.789760	36	0
5.791200	209	0
5.793840	427	1
5.803380	897	1
5.806080	25	1
5.807400	67	1
5.811060	725	1
5.811120	444	1
5.815920	646	1
5.821860	352	1
5.825220	527	1
5.826960	906	1
5.829600	226	1
5.833680	455	1
5.835660	764	1
5.836140	744	1
5.845920	479	1
5.848980	717	1
5.852100	892	1
5.853660	439	1
5.859000	876	1
5.859060	62	1
5.860080	115	1
5.863800	197	1
5.863920	716	1
5.865180	844	1
5.873100	714	1
5.875080	262	1
5.878320	151	1
5.880840	42	0
5.886360	264	1
5.886480	333	1
5.894220	820	1
5.894760	72	1
5.897640	220	0
5.899500	676	1
5.903400	723	1
5.904780	749	1
5.905920	984	1
5.907900	383	1
5.913480	544	1
5.914020	386	1
5.920080	883	1
5.922180	766	1
5.922960	388	1
5.928480	720	1
5.929800	251	1
5.931240	298	1
5.931600	277	1
5.932260	933	1
5.933280	877	1
5.937840	951	1
5.944200	912	1
5.944920	358	1
5.946660	586	1
5.949240	917	1
5.951400	101	0
5.953800	93	1
5.955600	847	1
5.956500	464	1
5.958060	445	1
5.958240	757	1
5.962200	214	1
5.962260	218	1
5.966340	473	1
5.969820	918	1
5.970720	806	1
5.971440	956	1
5.973000	223	1
5.975160	904	1
5.975700	415	1
5.976420	376	1
5.976900	722	1
5.977080	754	1
5.977440	417	1
5.977920	922	1
5.978160	431	1
5.978160	90	0
5.980080	245	1
5.981280	881	1
5.982840	209	0
5.984220	861	1
5.984820	144	1
5.987160	729	1
5.987340	855	1
5.988000	790	1
5.991120	220	0
6.000120	126	1
6.000180	95	1
6.003360	176	1
6.003540	227	0
6.004020	532	1
6.004920	284	1
6.005280	706	1
6.005640	110	1
6.009480	484	1
6.010200	55	1
6.010200	909	1
6.011460	924	1
6.014160	765	1
6.015540	406	1
6.016260	801	1
6.017280	809	1
6.019080	292	1
6.019440	692	1
6.019680	208	1
6.019740	232	0
6.022440	225	1
6.022980	275	1
6.024360	156	1
6.027240	231	0
6.028260	955	1
6.030840	304	1
6.032040	371	1
6.034860	889	1
6.036900	705	1
6.037260	981	1
6.037980	314	1
6.042120	42	0
6.042420	735	1
6.044280	440	1
6.045360	879	1
6.045660	57	0
6.046020	81	1
6.049380	219	1
6.052680	574	1
6.053580	870	1
6.053640	247	1
6.054360	853	1
6.054660	118	0
6.056700	869	1
6.057120	20	1
6.059220	802	1
6.060240	36	0
6.061920	291	1
6.064440	348	1
6.064740	254	1
6.066960	944	1
6.067080	843	1
6.069120	837	1
6.069180	206	1
6.070740	351	1
6.073320	157	1
6.073860	718	1
6.074280	243	1
6.077160	318	1
6.078240	628	1
6.078600	261	1
6.079020	603	1
6.079500	641	1
6.080160	400	1
6.081240	936	1
6.082500	53	0
6.087240	218	0
6.087780	220	0
6.088080	313	1
6.088620	921	1
6.090420	606	1
6.090900	859	1
6.091080	963	1
6.095520	64	0
6.096000	297	1
6.096360	701	1
6.099000	209	0
6.099600	61	0
6.100020	62	0
6.102180	339	1
6.103320	192	1
6.107640	342	1
6.108180	257	1
6.109860	959	1
6.110220	836	1
6.111600	273	1
6.111900	305	1
6.112080	233	1
6.113460	219	0
6.116160	711	1
6.116280	962	1
6.118260	308	1
6.118440	602	1
6.118860	899	1
6.121380	845	1
6.122820	259	1
6.126720	446	1
6.126900	905	1
6.127140	68	0
6.127260	312	1
6.127320	100	0
6.127500	789	1
6.128280	248	1
6.128520	152	1
6.129660	289	1
6.129720	862	1
6.130680	709	1
6.130740	481	1
6.134820	166	1
6.137100	489	1
6.139080	293	1
6.139080	150	0
6.140160	336	1
6.140400	73	0
6.140700	258	1
6.142680	842	1
6.144780	851	1
6.145080	173	1
6.146280	263	1
6.147960	165	0
6.148500	78	0
6.148560	81	0
6.151080	570	1
6.152280	301	1
6.155820	730	1
6.156300	967	1
6.157200	738	1
6.157260	268	1
6.157260	898	1
6.158880	1006	1
6.159240	306	1
6.160140	662	1
6.160380	101	0
6.162240	90	0
6.162960	210	1
6.163980	888	1
6.164640	931	1
6.165780	86	0
6.167580	235	0
6.168720	211	0
6.170940	244	1
6.171240	968	1
6.172500	88	1
6.173100	39	0
6.173220	743	1
6.173280	321	1
6.173520	60	0
6.175800	220	0
6.175980	794	1
6.177300	205	1
6.178320	865	1
6.179340	106	0
6.179820	323	1
6.181740	209	0
6.182880	213	0
6.183120	229	1
6.183540	57	0
6.185520	604	1
6.187380	77	0
6.187680	557	1
6.188460	673	1
6.190740	87	0
6.191280	70	0
6.191460	224	0
6.192360	276	1
6.192600	66	0
6.192720	353	1
6.194580	399	1
6.195840	615	1
6.196320	324	1
6.196320	750	1
6.196560	215	1
6.197760	689	1
6.197880	65	0
6.198960	320	1
6.199620	748	1
6.199800	217	1
6.200040	290	1
6.200280	430	1
6.200940	966	1
6.201360	71	0
6.203520	337	1
6.206520	960	1
6.208080	878	1
6.215040	712	1
6.220740	741	1
6.220920	663	1
6.221460	285	1
6.221760	277	1
6.222840	36	0
6.223740	494	1
6.225060	53	0
6.229140	91	1
6.231120	266	1
6.231540	798	1
6.231600	322	1
6.232800	365	1
6.234000	21	1
6.234240	449	1
6.234840	983	1
6.235140	873	1
6.235980	231	0
6.236880	720	1
6.237900	458	1
6.238140	347	1
6.238440	188	1
6.238440	745	1
6.240480	64	0
6.241440	573	1
6.242820	821	1
6.242880	923	1
6.244740	221	1
6.246840	704	1
6.248520	811	1
6.251160	224	1
6.252540	118	0
6.252600	724	1
6.252900	85	0
6.253500	926	1
6.255840	600	1
6.255900	148	1
6.257580	195	1
6.259320	219	1
6.259740	220	0
6.262260	227	0
6.264720	93	0
6.265920	42	0
6.267240	78	0
6.268680	213	1
6.269580	774	1
6.269760	627	1
6.271260	1008	1
6.271860	344	1
6.272820	916	1
6.273840	818	1
6.274500	747	1
6.275040	607	1
6.278580	954	1
6.279840	971	1
6.282120	740	1
6.282420	649	1
6.286860	793	1
6.286920	974	1
6.287220	235	1
6.288180	819	1
6.288900	40	0
6.289080	410	1
6.290760	169	1
6.291720	943	1
6.296580	693	1
6.298920	911	1
6.300720	618	1
6.304140	795	1
6.304380	822	1
6.304680	702	1
6.307980	57	0
6.309960	183	0
6.311100	476	1
6.311580	546	1
6.313020	630	1
6.314280	61	0
6.314940	328	1
6.315000	220	1
6.315660	684	1
6.315780	295	1
6.317640	232	1
6.318300	965	1
6.320820	677	1
6.323220	744	1
6.327840	161	1
6.328800	418	1
6.330900	619	1
6.331920	669	1
6.332580	186	0
6.333660	360	1
6.335460	246	1
6.335940	982	1
6.338640	832	1
6.348660	561	1
6.349500	319	1
6.350340	707	1
6.351960	250	1
6.354720	114	1
6.355980	991	1
6.357120	294	1
6.357840	85	1
6.359580	193	1
6.362820	953	1
6.363120	179	0
6.363540	972	1
6.363660	220	0
6.363780	652	1
6.365640	597	1
6.366780	786	1
6.367440	994	1
6.368100	236	1
6.368220	209	0
6.369180	781	1
6.370380	640	1
6.373140	1022	1
6.375000	315	1
6.375720	255	1
6.376800	703	1
6.379320	55	0
6.381240	664	1
6.382500	638	1
6.382500	708	1
6.383100	717	1
6.383160	758	1
6.384720	235	0
6.385560	343	1
6.385980	172	1
6.387240	660	1
6.390540	698	1
6.393600	827	1
6.393660	761	1
6.394140	170	0
6.396240	153	1
6.396300	913	1
6.396960	209	1
6.397320	588	1
6.397920	912	1
6.402420	244	0
6.404280	980	1
6.405420	903	1
6.405720	987	1
6.411660	805	1
6.412260	350	1
6.413820	637	1
6.415140	245	1
6.415140	164	0
6.415500	241	1
6.423540	196	1
6.423780	728	1
6.424020	596	1
6.424440	721	1
6.432840	150	1
6.433980	183	0
6.434280	39	1
6.437280	778	1
6.438300	716	1
6.440640	151	0
6.442440	83	1
6.443700	800	1
6.446520	57	0
6.447420	644	1
6.448380	158	1
6.449220	39	0
6.449520	316	1
6.450180	946	1
6.457680	537	1
6.457920	220	0
6.458100	288	1
6.462900	510	1
6.470520	536	1
6.470880	218	1
6.474720	42	0
6.475080	147	0
6.475860	255	0
6.478080	207	1
6.478560	303	1
6.479040	262	1
6.479220	317	1
6.481860	271	1
6.482520	283	1
6.485340	711	1
6.487200	149	1
6.487500	925	1
6.488700	928	1
6.492960	621	1
6.494280	654	1
6.494820	188	0
6.498480	705	1
6.500100	749	1
6.503940	426	1
6.509100	340	1
6.512640	824	1
6.513060	36	0
6.514200	682	1
6.515760	87	0
6.516240	870	1
6.516900	302	1
6.518160	719	1
6.518400	117	1
6.518640	121	1
6.519060	814	1
6.521280	678	1
6.523200	240	1
6.524700	697	1
6.526560	962	1
6.526740	267	1
6.527040	185	1
6.527700	648	1
6.531600	264	1
6.533220	272	1
6.534720	751	1
6.535500	383	1
6.536580	412	1
6.536760	104	1
6.537660	729	1
6.539580	226	1
6.540480	64	0
6.544080	409	1
6.544800	78	0
6.545280	934	1
6.546960	200	1
6.547260	77	0
6.547920	101	0
6.548100	384	1
6.548640	115	1
6.552660	1009	1
6.556380	569	1
6.557940	61	0
6.558000	839	1
6.558360	54	0
6.559980	408	1
6.561360	439	1
6.563460	823	1
6.567000	292	1
6.567960	723	1
6.569460	645	1
6.571920	231	1
6.573540	767	1
6.574080	167	1
6.575760	238	1
6.576900	28	0
6.577860	486	1
6.580680	208	1
6.581460	80	1
6.585900	308	1
6.587400	910	1
6.589620	415	1
6.590520	764	1
6.590580	892	1
6.593220	125	1
6.593580	57	0
6.594360	220	0
6.595560	473	1
6.597360	56	1
6.597540	284	1
6.599460	706	1
6.599820	247	1
6.602100	933	1
6.602460	359	1
6.604020	636	1
6.608940	119	1
6.609600	194	1
6.610560	776	1
6.611820	183	0
6.612720	68	0
6.613260	251	1
6.615300	106	0
6.616380	118	0
6.616980	333	1
6.617100	209	0
6.620340	438	1
6.621000	720	1
6.621720	43	0
6.622080	235	0
6.625680	700	1
6.626340	234	1
6.627840	206	1
6.628380	1003	1
6.628800	655	1
6.630360	386	1
6.632160	861	1
6.633000	676	1
6.634740	850	1
6.635220	62	0
6.635340	634	1
6.638100	190	1
6.638100	39	0
6.639780	324	1
6.640020	801	1
6.642480	73	0
6.642600	442	1
6.645180	647	1
6.646800	631	1
6.649500	606	1
6.651660	42	0
6.654960	196	0
6.655080	375	1
6.655980	189	1
6.658200	305	1
6.661380	132	1
6.661860	407	1
6.662640	170	0
6.666960	750	1
6.667920	36	0
6.668220	197	1
6.670020	543	1
6.674340	646	1
6.679320	90	0
6.680460	377	1
6.682020	66	1
6.682020	171	1
6.682560	214	1
6.683040	843	1
6.683580	406	1
6.684180	1001	1
6.687120	225	1
6.687660	337	1
6.688020	398	1
6.688200	464	1
6.689580	351	1
6.690660	201	1
6.700080	370	1
6.700740	84	1
6.701520	358	1
6.701580	366	1
6.702300	248	1
6.705360	339	1
6.707100	955	1
6.712020	378	1
6.715500	254	1
6.717360	64	0
6.719460	87	0
6.720300	594	1
6.720480	581	1
6.721440	371	1
6.722040	263	1
6.722340	738	1
6.723600	261	1
6.723660	15	1
6.724500	156	1
6.730020	86	0
6.730620	210	1
6.730680	440	1
6.732720	766	1
6.733740	44	0
6.736680	574	1
6.739380	765	1
6.740520	467	1
6.741000	834	1
6.741600	311	1
6.744660	95	1
6.744780	586	1
6.746160	175	1
6.747420	421	1
6.748320	122	1
6.749280	98	0
6.758040	304	1
6.758580	356	1
6.759300	53	0
6.761760	558	1
6.766380	329	1
6.766620	298	1
6.769200	416	1
6.771180	215	1
6.771840	628	1
6.775860	220	0
6.777120	61	0
6.777300	39	0
6.778380	417	1
6.779160	286	1
6.779640	320	1
6.779760	346	1
6.780840	709	1
6.783000	293	1
6.783480	484	1
6.789360	313	1
6.791820	148	1
6.792000	101	0
6.792180	55	1
6.792300	256	1
6.798600	433	1
6.798720	793	1
6.799440	62	1
6.801840	348	1
6.803040	106	1
6.803760	95	0
6.806880	29	1
6.807840	157	1
6.808140	144	1
6.808260	332	1
6.809640	83	0
6.810540	388	1
6.810600	318	1
6.810780	192	1
6.811020	869	1
6.811320	77	0
6.811860	342	1
6.814200	699	1
6.814260	446	1
6.815160	692	1
6.815460	32	1
6.815640	470	1
6.817740	314	1
6.817980	460	1
6.818820	93	0
6.819480	100	0
6.825120	291	1
6.825900	547	1
6.828540	447	1
6.829140	152	1
6.829620	42	0
6.829920	275	1
6.830340	573	1
6.830760	90	0
6.831900	106	0
6.832200	66	0
6.833100	312	1
6.834000	527	1
6.836700	602	1
6.840300	336	1
6.842400	219	1
6.842400	353	1
6.847440	744	1
6.848940	458	1
6.849120	323	1
6.849120	78	0
6.850620	276	1
6.851100	118	0
6.852120	136	1
6.852180	81	0
6.852720	432	1
6.857340	110	1
6.857760	68	0
6.858120	399	1
6.858180	673	1
6.860340	296	1
6.860460	20	1
6.860940	173	1
6.861540	362	1
6.861780	290	1
6.864420	322	1
6.865440	60	0
6.868560	806	1
6.868560	71	0
6.868680	102	0
6.869700	376	1
6.871980	114	1
6.873660	257	1
6.873960	85	0
6.874080	419	1
6.874620	449	1
6.875940	151	1
6.878340	228	1
6.879600	36	0
6.879660	217	1
6.879780	101	0
6.880260	435	1
6.880860	289	1
6.883080	243	1
6.883320	93	1
6.884100	542	1
6.885300	114	0
6.886260	301	1
6.890280	161	1
6.892560	65	0
6.893160	327	1
6.893280	40	0
6.893280	98	0
6.899220	821	1
6.899460	28	0
6.902340	57	0
6.902640	557	1
6.902880	482	1
6.903180	891	1
6.904920	570	1
6.905100	10	1
6.905940	84	0
6.908280	548	1
6.909300	392	1
6.910380	277	1
6.911280	64	0
6.912420	259	1
6.913200	55	0
6.914760	546	1
6.914940	229	1
6.917400	134	0
6.918300	641	1
6.919200	137	1
6.920700	400	1
6.921060	321	1
6.922500	72	0
6.923280	39	0
6.925920	308	1
6.926520	310	1
6.927960	57	1
6.928440	472	1
6.930120	737	1
6.931680	43	0
6.935220	220	0
6.935460	352	1
6.936000	295	1
6.936000	454	1
6.937020	476	1
6.937860	20	0
6.940620	90	0
6.942120	100	0
6.944820	223	1
6.945000	306	1
6.947040	967	1
6.948480	91	1
6.948900	754	1
6.949680	73	0
6.950160	736	1
6.950700	209	0
6.952800	67	1
6.953460	431	1
6.954840	244	1
6.957180	86	0
6.964440	85	1
6.966120	170	0
6.966960	600	1
6.967800	297	1
6.971280	424	1
6.972720	347	1
6.974640	427	1
6.978600	105	0
6.980220	343	1
6.980520	790	1
6.980640	453	1
6.982560	81	1
6.982740	627	1
6.983580	78	0
6.985380	832	1
6.986640	166	1
6.988020	42	0
6.988080	268	1
6.989220	477	1
6.993060	803	1
6.996300	494	1
6.998640	450	1
7.004940	463	1
7.006020	380	1
7.006860	944	1
7.007040	61	0
7.009080	457	1
7.011540	245	1
7.011600	533	1
7.014240	53	0
7.014600	118	0
7.015620	350	1
7.016040	106	0
7.016100	436	1
7.016340	213	1
7.020060	357	1
7.024080	37	0
7.026360	85	0
7.028040	101	0
7.028700	735	1
7.031640	455	1
7.039620	344	1
7.041180	93	0
7.045500	434	1
7.046340	262	1
7.049520	98	0
7.050240	717	1
7.054200	439	1
7.055040	714	1
7.055280	512	1
7.056180	630	1
7.056420	757	1
7.061640	729	1
7.062180	857	1
7.062240	114	0
7.063920	720	1
7.064040	81	0
7.064280	220	0
7.066200	205	1
7.067100	72	1
7.067100	607	1
7.070220	452	1
7.070340	725	1
7.072260	221	1
7.076100	409	1
7.077000	224	1
7.088700	36	0
7.089480	968	1
7.090140	218	1
7.090140	637	1
7.099440	111	0
7.102200	1013	1
7.102680	660	1
7.103220	506	1
7.118940	466	1
7.127760	126	1
7.129020	25	1
7.133460	716	1
7.138620	333	1
7.140000	924	1
7.141320	640	1
7.145460	169	1
7.148640	444	1
7.151820	415	1
7.152300	408	1
7.152480	208	1
7.155900	711	1
7.165980	809	1
7.168140	561	1
7.168260	983	1
7.171020	266	1
7.171320	745	1
7.173900	386	1
7.179720	605	1
7.181040	440	1
7.182840	106	0
7.186800	406	1
7.186860	337	1
7.190700	615	1
7.191720	949	1
7.199100	596	1
7.199940	764	1
7.201620	723	1
7.201860	57	0
7.206540	495	1
7.208160	441	1
7.213620	418	1
7.221660	730	1
7.223400	118	0
7.223880	273	1
7.227540	339	1
7.231080	705	1
7.232460	749	1
7.232640	468	1
7.233420	505	1
7.234560	107	1
7.236480	195	1
7.239300	391	1
7.242660	510	1
7.248780	209	0
7.254720	220	0
7.256220	819	1
7.256640	464	1
7.273020	120	1
7.274700	18	1
7.277640	442	1
7.278720	1006	1
7.280280	544	1
7.281840	606	1
7.286400	407	1
7.292460	365	1
7.292580	994	1
7.297140	446	1
7.301760	44	1
7.303920	943	1
7.304160	426	1
7.305780	248	1
7.309860	115	1
7.313460	706	1
7.314960	305	1
7.318920	984	1
7.329000	172	1
7.331700	619	1
7.333800	292	1
7.334640	410	1
7.337580	412	1
7.339020	500	1
7.339860	101	0
7.340160	264	1
7.341300	663	1
7.341960	83	1
7.342860	456	1
7.344480	247	1
7.349400	537	1
7.350600	795	1
7.351080	430	1
7.354500	475	1
7.356000	358	1
7.359780	987	1
7.363140	90	0
7.365000	597	1
7.366080	206	1
7.368360	382	1
7.371300	156	1
7.377480	718	1
7.390560	312	1
7.398360	399	1
7.399020	798	1
7.399860	207	1
7.400100	473	1
7.400340	744	1
7.400760	480	1
7.401420	103	0
7.401900	148	1
7.402860	149	1
7.408020	933	1
7.412460	118	0
7.415040	220	0
7.417080	662	1
7.418160	215	1
7.420800	437	1
7.423920	263	1
7.425660	402	1
7.429560	805	1
7.435500	106	0
7.439220	219	1
7.441620	481	1
7.441980	836	1
7.444020	220	1
7.451820	42	0
7.452360	536	1
7.455960	324	1
7.457520	64	0
7.467960	36	0
7.471320	604	1
7.477260	574	1
7.479360	80	1
7.492080	965	1
7.493760	192	1
7.495920	1008	1
7.499520	114	1
7.502100	484	1
7.504080	104	1
7.505880	458	1
7.511640	912	1
7.512900	962	1
7.513080	621	1
7.515840	786	1
7.516020	449	1
7.530360	209	0
7.534140	911	1
7.534920	226	1
7.535880	527	1
7.537980	118	0
7.544640	982	1
7.551960	955	1
7.555140	489	1
7.561560	967	1
7.561740	966	1
7.562880	722	1
7.566120	220	0
7.569120	602	1
7.573740	843	1
7.580940	320	1
7.587420	720	1
7.596360	257	1
7.599900	870	1
7.603620	740	1
7.605060	573	1
7.608780	676	1
7.617120	712	1
7.624620	646	1
7.625400	95	1
7.629180	931	1
7.633620	729	1
7.642380	618	1
7.645800	546	1
7.648560	793	1
7.650780	853	1
7.659420	251	1
7.666680	586	1
7.667400	971	1
7.668240	991	1
7.669200	861	1
7.674720	121	1
7.675980	201	1
7.684200	928	1
7.692720	388	1
7.695660	918	1
7.698180	738	1
7.700580	957	1
7.704840	167	1
7.709280	600	1
7.710120	157	1
7.715280	220	0
7.716840	55	1
7.720680	227	0
7.725360	889	1
7.729500	765	1
7.731000	218	1
7.731780	513	1
7.735500	922	1
7.736520	980	1
7.740000	709	1
7.743180	925	1
7.751220	62	1
7.753440	245	1
7.755480	963	1
7.758300	627	1
7.760640	641	1
7.760880	717	1
7.761180	832	1
7.762200	801	1
7.768140	20	1
7.775940	235	0
7.776420	692	1
7.783080	290	1
7.785840	701	1
7.786080	711	1
7.786380	750	1
7.787580	865	1
7.789560	707	1
7.794300	91	1
7.794960	630	1
7.800120	233	1
7.805640	904	1
7.805820	283	1
7.806120	29	1
7.807200	209	0
7.809420	570	1
7.809540	647	1
7.811100	336	1
7.815300	220	0
7.824300	557	1
7.825320	189	1
7.826820	606	1
7.827300	607	1
7.827300	778	1
7.831380	144	1
7.839000	723	1
7.839240	558	1
7.839240	170	0
7.841220	766	1
7.843260	85	1
7.846800	110	1
7.847640	684	1
7.848120	494	1
7.850580	702	1
7.850640	689	1
7.856820	821	1
7.856880	210	1
7.863600	543	1
7.866900	806	1
7.867800	176	1
7.869060	276	1
7.874160	944	1
7.878540	637	1
7.884480	748	1
7.889400	640	1
7.890060	132	1
7.890600	150	0
7.891320	800	1
7.895940	660	1
7.899360	214	1
7.905960	415	1
7.909440	751	1
7.910760	596	1
7.912380	119	1
7.914420	749	1
7.915380	868	1
7.917300	151	0
7.925340	827	1
7.926720	716	1
7.934520	706	1
7.938780	744	1
7.939380	166	1
7.941780	42	0
7.942380	220	0
7.942860	188	0
7.946760	406	1
7.947660	819	1
7.953540	721	1
7.954260	741	1
7.956000	892	1
7.958280	921	1
7.959060	811	1
7.959120	705	1
7.962480	789	1
7.963020	735	1
7.970400	183	0
7.970520	440	1
7.970820	594	1
7.972320	648	1
7.972440	673	1
7.972980	225	1
7.974720	21	1
7.975500	151	1
7.976280	883	1
7.980660	173	1
7.986420	186	0
7.989780	720	1
7.991280	152	1
7.991460	400	1
7.992120	254	1
7.993380	36	0
7.995060	790	1
7.997220	956	1
7.997580	869	1
7.999140	197	1
7.999560	698	1
8.001180	209	0
8.001540	959	1
8.003100	148	1
8.006640	786	1
8.010060	305	1
8.011260	803	1
8.013600	619	1
8.014680	795	1
8.017200	561	1
8.017920	881	1
8.019960	161	1
8.021940	764	1
8.027760	699	1
8.031660	172	1
8.035440	855	1
8.037360	754	1
8.037540	933	1
8.040660	220	0
8.045220	350	1
8.047020	208	1
8.047380	983	1
8.049360	473	1
8.050080	802	1
8.052900	118	0
8.059500	337	1
8.061840	968	1
8.062140	631	1
8.068020	213	1
8.069040	149	1
8.070060	56	1
8.071080	588	1
8.074860	114	1
8.075040	117	1
8.076540	170	0
8.079060	603	1
8.079120	464	1
8.079240	836	1
8.081220	714	1
8.082060	693	1
8.085120	248	1
8.085540	652	1
8.086200	847	1
8.086260	745	1
8.092320	81	1
8.092860	736	1
8.093700	271	1
8.094420	115	1
8.099580	994	1
8.103060	44	0
8.106660	439	1
8.107260	36	0
8.109060	88	1
8.115000	57	0
8.115120	446	1
8.116860	219	1
8.117460	729	1
8.118180	818	1
8.121900	275	1
8.129400	386	1
8.130720	724	1
8.132220	1022	1
8.133000	289	1
8.133600	859	1
8.133900	757	1
8.134920	718	1
8.136120	677	1
8.137740	42	0
8.139300	960	1
8.140260	877	1
8.142300	408	1
8.144220	15	1
8.144520	845	1
8.145120	264	1
8.145660	25	1
8.146860	809	1
8.149200	987	1
8.149260	730	1
8.152080	909	1
8.152200	339	1
8.152680	962	1
8.154240	793	1
8.155080	774	1
8.155080	967	1
8.156760	348	1
8.157600	39	0
8.158560	837	1
8.159100	628	1
8.160480	843	1
8.162580	215	1
8.163780	891	1
8.164920	93	1
8.166060	743	1
8.166180	220	0
8.168760	897	1
8.169360	220	1
8.169540	669	1
8.175240	747	1
8.176500	199	0
8.177520	371	1
8.178480	889	1
8.178600	943	1
8.178900	209	0
8.179320	83	1
8.182140	101	0
8.184240	84	1
8.188800	484	1
8.189640	737	1
8.191440	844	1
8.192400	312	1
8.194800	169	1
8.194920	324	1
8.195820	924	1
8.197260	218	0
8.200620	805	1
8.202420	67	1
8.206320	262	1
8.206560	292	1
8.206620	794	1
8.206860	984	1
8.208420	654	1
8.209200	832	1
8.210580	1006	1
8.213940	32	1
8.214480	861	1
8.214900	211	0
8.215140	761	1
8.215500	426	1
8.215500	165	0
8.215680	878	1
8.216160	574	1
8.217600	776	1
8.220660	234	1
8.222340	711	1
8.222820	820	1
8.223360	57	1
8.224320	676	1
8.224680	192	1
8.225760	183	0
8.226600	602	1
8.227320	224	0
8.230500	318	1
8.230800	407	1
8.230980	923	1
8.232540	663	1
8.232600	662	1
8.232660	376	1
8.235720	186	0
8.236860	767	1
8.239320	720	1
8.241960	220	0
8.242320	870	1
8.242500	798	1
8.243460	851	1
8.244420	207	1
8.244420	808	1
8.246220	955	1
8.246280	90	0
8.247060	218	1
8.247240	573	1
8.257980	700	1
8.258400	814	1
8.258580	313	1
8.259420	122	1
8.259960	188	1
8.265420	118	0
8.266680	284	1
8.269380	717	1
8.269680	226	1
8.273100	196	0
8.276520	781	1
8.278680	926	1
8.279400	126	1
8.279820	206	1
8.280600	201	0
8.282220	358	1
8.282340	293	1
8.282340	615	1
8.283420	209	0
8.283660	888	1
8.284800	399	1
8.285940	153	1
8.287380	842	1
8.287560	738	1
8.291340	621	1
8.291400	664	1
8.292660	213	0
8.294220	597	1
8.295120	55	1
8.295180	323	1
8.295180	966	1
8.295720	64	0
8.296980	156	1
8.297220	247	1
8.298240	42	0
8.299980	68	0
8.301480	36	0
8.302920	810	1
8.305200	200	1
8.305740	912	1
8.306520	291	1
8.307720	704	1
8.310720	712	1
8.312520	884	1
8.313900	817	1
8.314740	375	1
8.318460	43	0
8.320140	759	1
8.321640	981	1
8.322120	758	1
8.323080	801	1
8.323260	865	1
8.324580	937	1
8.327520	205	0
8.328660	866	1
8.331840	277	1
8.332020	211	0
8.332680	342	1
8.336340	821	1
8.337600	314	1
8.338680	235	0
8.339160	458	1
8.339580	220	0
8.340120	39	0
8.340300	322	1
8.342160	223	1
8.348820	304	1
8.349660	725	1
8.351220	819	1
8.352720	286	1
8.353560	692	1
8.353680	649	1
8.354700	195	1
8.355240	308	1
8.356080	295	1
8.359020	982	1
8.360040	257	1
8.360700	200	0
8.362680	709	1
8.363760	949	1
8.364420	898	1
8.366760	839	1
8.367900	353	1
8.369220	857	1
8.371320	78	0
8.373480	62	0
8.375400	302	1
8.375760	259	1
8.376480	547	1
8.376960	600	1
8.377080	418	1
8.377980	806	1
8.379420	80	1
8.382660	104	1
8.383140	90	0
8.384460	708	1
8.384820	261	1
8.384940	268	1
8.385480	351	1
8.386800	749	1
8.387100	344	1
8.387160	606	1
8.388240	409	1
8.388540	170	0
8.390880	298	1
8.391360	61	0
8.391420	263	1
8.391540	449	1
8.392260	705	1
8.393400	231	0
8.393460	73	0
8.393640	706	1
8.394300	157	1
8.394900	66	0
8.396520	85	0
8.397060	57	0
8.398560	383	1
8.399460	243	1
8.400960	879	1
8.402460	93	0
8.402520	630	1
8.402760	333	1
8.404860	911	1
8.407620	297	1
8.407680	750	1
8.408340	542	1
8.409660	245	1
8.411940	412	1
8.414760	101	0
8.414940	210	1
8.415180	646	1
8.415540	740	1
8.416620	723	1
8.417760	430	1
8.419380	306	1
8.423820	433	1
8.424120	77	0
8.425260	627	1
8.425680	86	0
8.431800	765	1
8.432940	72	0
8.433480	53	0
8.433720	931	1
8.433780	224	1
8.435040	336	1
8.437260	87	0
8.437740	320	1
8.438580	954	1
8.440920	81	0
8.441760	744	1
8.442300	258	1
8.442720	905	1
8.443200	209	0
8.443920	546	1
8.444880	183	0
8.445660	415	1
8.446320	362	1
8.446500	276	1
8.450640	220	0
8.452920	290	1
8.455800	406	1
8.456280	196	1
8.457660	607	1
8.461140	160	1
8.462280	906	1
8.462880	150	1
8.464380	896	1
8.468340	118	0
8.470140	417	1
8.470860	20	1
8.472540	232	1
8.476380	365	1
8.482500	824	1
8.483220	953	1
8.486040	98	0
8.487000	682	1
8.487780	903	1
8.490600	301	1
8.490600	343	1
8.492400	193	1
8.493240	729	1
8.493660	797	1
8.494500	398	1
8.496180	476	1
8.496600	56	0
8.498160	388	1
8.500200	410	1
8.503920	64	0
8.505480	925	1
8.507100	100	0
8.507580	719	1
8.508840	384	1
8.510820	421	1
8.512200	510	1
8.512920	892	1
8.514060	660	1
8.515920	876	1
8.516400	39	0
8.516940	928	1
8.517120	595	1
8.518620	217	1
8.520120	161	1
8.520600	208	1
8.520780	229	1
8.522340	782	1
8.523360	435	1
8.523600	823	1
8.523780	254	1
8.527140	980	1
8.529360	457	1
8.530920	273	1
8.531340	347	1
8.533500	748	1
8.533920	102	0
8.535000	440	1
8.536140	486	1
8.536200	310	1
8.537520	85	1
8.537940	1008	1
8.538540	57	0
8.539080	760	1
8.540640	305	1
8.543280	68	0
8.545980	377	1
8.546460	751	1
8.546520	972	1
8.549220	936	1
8.550540	78	0
8.551140	586	1
8.551440	442	1
8.552760	244	1
8.554440	227	0
8.556360	527	1
8.557320	392	1
8.558100	235	0
8.560260	933	1
8.560920	220	0
8.561520	105	0
8.561880	61	0
8.562300	101	0
8.563800	339	1
8.564820	918	1
8.566200	205	1
8.568240	789	1
8.568600	720	1
8.570100	431	1
8.570880	248	1
8.573400	90	0
8.574060	641	1
8.575200	902	1
8.575320	472	1
8.577360	722	1
8.577660	114	0
8.577900	707	1
8.579100	456	1
8.579400	359	1
8.580180	125	1
8.581200	581	1
8.581620	460	1
8.582220	467	1
8.583420	350	1
8.584800	39	1
8.585220	698	1
8.586900	927	1
8.587200	219	1
8.589660	321	1
8.590320	251	1
8.590620	494	1
8.592540	697	1
8.593080	121	1
8.593860	786	1
8.594700	337	1
8.595300	107	1
8.597100	312	1
8.597400	36	0
8.598420	225	1
8.600220	236	1
8.601060	360	1
8.601360	438	1
8.601360	42	0
8.601660	85	0
8.604420	416	1
8.604660	73	0
8.604900	95	0
8.605200	640	1
8.608200	855	1
8.609760	439	1
8.610840	424	1
8.610900	853	1
8.611200	266	1
8.611200	473	1
8.611680	93	0
8.614680	106	0
8.614860	352	1
8.614860	735	1
8.615280	795	1
8.616720	106	1
8.617260	470	1
8.618760	419	1
8.619480	378	1
8.622840	543	1
8.623260	701	1
8.623320	118	0
8.623740	87	0
8.624220	951	1
8.624460	800	1
8.625540	604	1
8.625780	869	1
8.626680	463	1
8.626860	329	1
8.632680	482	1
8.634240	512	1
8.634900	188	0
8.636340	29	1
8.637060	557	1
8.639340	432	1
8.640960	60	0
8.641620	370	1
8.641980	114	1
8.643000	386	1
8.644560	148	1
8.645340	684	1
8.646060	213	1
8.647380	214	1
8.648640	484	1
8.650140	829	1
8.650380	548	1
8.650740	122	0
8.651340	477	1
8.651820	868	1
8.652840	366	1
8.655240	86	0
8.658660	101	0
8.659260	209	0
8.659440	134	0
8.660520	815	1
8.661120	766	1
8.661900	434	1
8.663520	536	1
8.666220	464	1
8.666280	446	1
8.666940	452	1
8.667180	832	1
8.667300	917	1
8.668440	407	1
8.668500	238	1
8.669880	427	1
8.670180	246	1
8.670300	450	1
8.670720	220	0
8.670900	716	1
8.671380	558	1
8.675160	455	1
8.675460	167	1
8.677020	979	1
8.677320	994	1
8.678340	793	1
8.679480	637	1
8.680440	109	0
8.684700	114	0
8.684940	100	0
8.686080	227	0
8.686320	447	1
8.686560	1013	1
8.687880	95	1
8.690460	105	0
8.691060	843	1
8.692980	235	1
8.694180	64	0
8.694900	861	1
8.696160	250	1
8.696340	111	0
8.696400	967	1
8.696940	850	1
8.698080	209	1
8.698680	215	1
8.698920	963	1
8.698920	151	0
8.701080	655	1
8.701920	119	1
8.703540	112	0
8.704260	289	1
8.704740	764	1
8.706900	537	1
8.706960	106	0
8.709180	303	1
8.709840	910	1
8.711040	619	1
8.711100	466	1
8.717220	533	1
8.717460	115	0
8.720220	400	1
8.720640	570	1
8.720700	376	1
8.720820	39	0
8.722980	711	1
8.723520	596	1
8.724900	358	1
8.725680	132	1
8.726940	883	1
8.727300	436	1
8.729100	495	1
8.731260	825	1
8.733780	506	1
8.741100	269	1
8.742300	57	0
8.743020	133	0
8.743740	271	1
8.745420	874	1
8.746140	118	0
8.746440	827	1
8.748240	505	1
8.750460	962	1
8.750820	454	1
8.750940	904	1
8.751000	231	0
8.752020	62	1
8.752320	489	1
8.752920	638	1
8.753160	831	1
8.758560	220	0
8.761140	453	1
8.761440	944	1
8.764140	821	1
8.764980	147	0
8.765520	1020	1
8.765520	132	0
8.768160	478	1
8.768340	334	1
8.769180	444	1
8.770380	574	1
8.770500	218	1
8.770620	408	1
8.771640	221	1
8.771940	437	1
8.772540	422	1
8.773380	216	1
8.773620	115	1
8.774340	909	1
8.774820	881	1
8.775360	257	1
8.776260	209	0
8.777880	468	1
8.778900	987	1
8.779020	481	1
8.779800	778	1
8.780100	761	1
8.781540	380	1
8.781960	500	1
8.782680	834	1
8.783040	272	1
8.783160	98	0
8.783520	458	1
8.785920	348	1
8.789400	106	0
8.790060	340	1
8.790180	192	1
8.790420	55	0
8.790720	114	0
8.791020	899	1
8.791320	65	1
8.791860	149	1
8.791860	836	1
8.793000	104	0
8.794200	561	1
8.794860	618	1
8.795520	10	1
8.795520	544	1
8.795940	244	0
8.797620	406	1
8.801160	183	0
8.803560	877	1
8.803920	118	0
8.808960	61	0
8.809020	110	1
8.809140	36	0
8.811060	294	1
8.812980	201	1
8.814060	324	1
8.816040	889	1
8.818500	262	1
8.818860	803	1
8.820780	449	1
8.822220	78	0
8.822400	754	1
8.825820	924	1
8.826420	440	1
8.826600	274	1
8.829060	932	1
8.829540	285	1
8.830320	126	0
8.831340	101	0
8.832780	28	0
8.833440	105	0
8.836320	144	1
8.836920	801	1
8.838060	753	1
8.838180	172	1
8.838240	124	0
8.838300	115	0
8.838900	283	1
8.841900	332	1
8.842380	73	0
8.842740	319	1
8.845320	415	1
8.847180	90	0
8.847960	218	0
8.848980	166	1
8.850240	220	0
8.852880	93	0
8.854860	399	1
8.855640	802	1
8.855820	510	1
8.856240	54	0
8.858160	231	1
8.858820	409	1
8.860500	91	1
8.862900	487	1
8.864940	921	1
8.867040	837	1
8.867400	68	0
8.867460	602	1
8.870460	774	1
8.870880	634	1
8.870940	943	1
8.872500	86	0
8.872620	42	0
8.873880	87	0
8.875440	673	1
8.876400	275	1
8.878500	594	1
8.878980	546	1
8.880000	313	1
8.880960	818	1
8.882520	971	1
8.882520	213	0
8.884440	77	0
8.885100	308	1
8.885460	445	1
8.885520	356	1
8.886960	738	1
8.887080	922	1
8.887740	173	1
8.887740	527	1
8.894700	479	1
8.899080	475	1
8.899500	264	1
8.899980	736	1
8.900280	956	1
8.900640	292	1
8.900700	819	1
8.900940	805	1
8.901600	644	1
8.903340	573	1
8.904600	965	1
8.905620	606	1
8.908380	531	1
8.915400	150	0
8.916660	418	1
8.920200	744	1
8.920380	197	1
8.921220	845	1
8.921400	209	0
8.922240	245	1
8.923440	189	1
8.926020	912	1
8.929200	277	1
8.932980	870	1
8.933940	118	0
8.938260	942	1
8.938740	305	1
8.940480	100	0
8.940840	526	1
8.947440	939	1
8.950140	809	1
8.950200	339	1
8.950680	476	1
8.952000	790	1
8.955060	441	1
8.956140	211	0
8.957880	226	1
8.958300	64	0
8.960100	534	1
8.961060	231	0
8.961780	490	1
8.967780	169	1
8.967900	830	1
8.971200	448	1
8.971860	220	0
8.972880	968	1
8.973660	284	1
8.973900	205	0
8.973960	496	1
8.981640	822	1
8.981820	261	1
8.983320	158	1
8.986860	568	1
8.988060	916	1
8.988480	336	1
8.991900	842	1
8.992080	955	1
8.992740	934	1
8.992980	794	1
8.994720	263	1
8.997960	983	1
8.999040	383	1
8.999280	429	1
8.999880	337	1
9.002400	55	1
9.008220	946	1
9.008520	717	1
9.010140	228	1
9.017880	706	1
9.020880	402	1
9.023160	304	1
9.023400	233	1
9.026100	195	1
9.026820	873	1
9.027900	757	1
9.028560	532	1
9.030720	171	1
9.031020	247	1
9.032280	106	0
9.032340	787	1
9.032940	1006	1
9.033060	982	1
9.034260	457	1
9.034260	101	0
9.034620	355	1
9.034860	545	1
9.035520	317	1
9.035520	844	1
9.037260	291	1
9.037920	133	0
9.038100	36	0
9.038580	227	0
9.041340	315	1
9.041520	720	1
9.043080	286	1
9.044400	156	1
9.047700	588	1
9.048300	353	1
9.049500	857	1
9.051240	508	1
9.051780	241	1
9.054600	62	0
9.055560	328	1
9.057960	220	0
9.058380	806	1
9.058560	966	1
9.059340	66	1
9.060180	73	0
9.064980	254	1
9.065520	209	0
9.066180	84	1
9.066360	662	1
9.066420	991	1
9.067680	513	1
9.071640	39	0
9.071820	730	1
9.072600	718	1
9.073320	57	0
9.074820	77	0
9.074880	749	1
9.075360	42	0
9.076800	865	1
9.077520	933	1
9.080520	81	1
9.083820	320	1
9.084120	207	1
9.085080	56	1
9.085740	446	1
9.088080	318	1
9.088560	569	1
9.089280	188	1
9.092100	908	1
9.096660	926	1
9.097680	333	1
9.100680	302	1
9.104340	78	0
9.108300	810	1
9.109200	90	0
9.110100	960	1
9.112440	572	1
9.112980	206	1
9.114180	628	1
9.114540	186	0
9.115920	741	1
9.116520	371	1
9.118140	276	1
9.118620	439	1
9.119040	323	1
9.120300	161	1
9.125520	61	0
9.127140	225	1
9.129000	923	1
9.133980	729	1
9.134340	314	1
9.134820	104	1
9.135180	692	1
9.135420	306	1
9.136860	268	1
9.137160	293	1
9.137280	928	1
9.138240	220	1
9.138900	21	1
9.139680	627	1
9.143640	745	1
9.144360	220	0
9.145560	210	1
9.145620	878	1
9.145680	615	1
9.150480	163	1
9.150900	64	0
9.151200	118	0
9.152580	83	1
9.154860	312	1
9.155460	101	0
9.155580	342	1
9.157440	473	1
9.161100	798	1
9.161280	832	1
9.161940	137	1
9.163020	295	1
9.173940	1000	1
9.177360	227	0
9.178680	114	1
9.179820	607	1
9.180060	676	1
9.184440	603	1
9.186060	36	0
9.192720	20	0
9.197220	20	1
9.198300	53	0
9.203640	194	1
9.204120	714	1
9.210180	796	1
9.210240	1008	1
9.210960	795	1
9.212280	15	1
9.212880	723	1
9.215280	322	1
9.215880	897	1
9.216780	712	1
9.219240	234	1
9.221280	235	0
9.223440	646	1
9.225360	175	1
9.227220	150	1
9.228480	219	1
9.230400	847	1
9.233100	290	1
9.234000	709	1
9.234900	776	1
9.235860	66	0
9.236700	851	1
9.238140	464	1
9.240240	72	1
9.242760	148	1
9.243480	316	1
9.243660	126	1
9.244320	42	0
9.245340	600	1
9.245400	220	0
9.247560	209	0
9.249840	660	1
9.250980	218	1
9.251760	820	1
9.252000	811	1
9.258000	243	1
9.263820	208	1
9.265440	259	1
9.269040	597	1
9.271440	308	1
9.273000	590	1
9.273060	39	0
9.275160	93	1
9.275940	157	1
9.277560	57	0
9.279180	35	0
9.279840	937	1
9.282900	859	1
9.283680	190	1
9.283980	705	1
9.284820	215	1
9.285360	298	1
9.285480	702	1
9.289920	793	1
9.290280	994	1
9.291600	689	1
9.293580	193	1
9.296040	743	1
9.298740	85	1
9.301200	170	0
9.301320	711	1
9.301800	343	1
9.304140	861	1
9.304620	351	1
9.308460	232	1
9.312480	781	1
9.315360	417	1
9.316680	297	1
9.317280	248	1
9.319680	61	0
9.319860	764	1
9.324120	224	1
9.326040	36	0
9.330540	767	1
9.334680	289	1
9.339120	819	1
9.342780	750	1
9.342840	217	1
9.343080	186	0
9.351840	892	1
9.352140	765	1
9.352980	543	1
9.353040	350	1
9.354660	324	1
9.357300	378	1
9.358380	25	1
9.359820	814	1
9.362880	223	1
9.365880	412	1
9.368580	68	0
9.370980	296	1
9.371700	967	1
9.378000	984	1
9.385680	120	1
9.385680	220	0
9.388440	301	1
9.388500	82	1
9.388800	748	1
9.392880	255	1
9.394020	789	1
9.396120	747	1
9.398760	720	1
9.399000	827	1
9.400560	918	1
9.400860	957	1
9.402840	637	1
9.407760	574	1
9.409320	786	1
9.410640	192	1
9.415560	313	1
9.416940	101	0
9.420300	257	1
9.420540	64	0
9.421020	494	1
9.421740	888	1
9.423540	183	0
9.423780	800	1
9.425280	266	1
9.427860	987	1
9.428940	778	1
9.431820	152	1
9.433320	716	1
9.434460	388	1
9.436800	744	1
9.438240	271	1
9.438660	122	1
9.440820	962	1
9.443040	32	1
9.444120	244	1
9.444540	376	1
9.444720	209	0
9.447600	738	1
9.448260	292	1
9.449760	344	1
9.456240	586	1
9.456600	78	0
9.456780	258	1
9.456900	843	1
9.457140	118	0
9.459480	640	1
9.460620	406	1
9.460980	263	1
9.463920	766	1
9.465540	821	1
9.465720	53	0
9.467340	249	1
9.469020	311	1
9.470220	801	1
9.475980	931	1
9.480120	57	0
9.486720	251	1
9.488040	735	1
9.488280	196	1
9.489900	39	0
9.492660	57	1
9.498840	561	1
9.500580	220	0
9.500820	911	1
9.500820	36	0
9.501780	321	1
9.505260	740	1
9.507300	18	1
9.510360	386	1
9.512760	136	1
9.518520	213	1
9.523020	891	1
9.525660	214	1
9.527100	557	1
9.527880	75	0
9.531840	663	1
9.531900	245	1
9.533640	375	1
9.534900	621	1
9.537000	869	1
9.537120	151	1
9.538380	247	1
9.539520	751	1
9.545520	677	1
9.545880	277	1
9.552120	839	1
9.555240	484	1
9.562380	754	1
9.563220	440	1
9.564600	262	1
9.564660	339	1
9.564960	415	1
9.567240	805	1
9.568860	60	0
9.570300	596	1
9.573840	630	1
9.576060	649	1
9.576600	312	1
9.577740	717	1
9.583140	42	0
9.585840	65	0
9.592080	115	1
9.593040	606	1
9.594720	684	1
9.595500	90	0
9.601380	602	1
9.602940	855	1
9.604140	305	1
9.605880	729	1
9.613380	219	1
9.614400	62	1
9.614460	407	1
9.615240	293	1
9.616320	64	0
9.621000	664	1
9.622440	648	1
9.622860	706	1
9.624420	442	1
9.624780	73	0
9.627000	170	0
9.627060	275	1
9.635280	976	1
9.637740	573	1
9.639060	318	1
9.639720	95	1
9.639720	399	1
9.640200	334	1
9.641100	220	0
9.651780	426	1
9.652560	147	0
9.655560	336	1
9.660960	209	0
9.662400	707	1
9.666780	737	1
9.667860	284	1
9.668760	167	1
9.675180	358	1
9.677040	808	1
9.677940	870	1
9.687180	925	1
9.688440	365	1
9.689280	641	1
9.689940	698	1
9.691680	342	1
9.692820	201	1
9.694080	836	1
9.701160	458	1
9.705600	631	1
9.705720	346	1
9.708420	337	1
9.709680	149	1
9.711180	943	1
9.711900	347	1
9.717060	254	1
9.717840	837	1
9.720300	470	1
9.721560	55	1
9.722700	408	1
9.725580	435	1
9.725580	647	1
9.726480	93	0
9.733560	273	1
9.736560	101	0
9.736800	721	1
9.736860	868	1
9.743220	117	1
9.743520	246	1
9.743760	546	1
9.744900	205	1
9.745500	360	1
9.745860	118	0
9.750300	78	0
9.750420	720	1
9.752520	607	1
9.753960	36	0
9.754140	320	1
9.754200	323	1
9.757200	409	1
9.759300	410	1
9.764880	218	1
9.765300	353	1
9.765540	98	0
9.767340	669	1
9.767760	95	0
9.770700	476	1
9.772020	558	1
9.772080	173	1
9.772740	692	1
9.773400	933	1
9.775080	652	1
9.775140	352	1
9.775920	944	1
9.777720	449	1
9.782940	88	1
9.784140	153	1
9.788940	832	1
9.789840	91	1
9.790800	433	1
9.792240	215	1
9.794520	220	0
9.795600	29	1
9.796620	711	1
9.797340	383	1
9.798600	210	1
9.799620	619	1
9.812340	290	1
9.814020	209	0
9.816600	418	1
9.819300	400	1
9.819420	701	1
9.820860	264	1
9.824640	853	1
9.829800	790	1
9.831840	304	1
9.837780	570	1
9.838920	467	1
9.842880	348	1
9.846900	431	1
9.849060	57	0
9.854700	728	1
9.858000	148	1
9.858900	276	1
9.859920	510	1
9.863400	955	1
9.866100	660	1
9.866460	774	1
9.868020	600	1
9.871320	793	1
9.873120	749	1
9.873540	114	1
9.873960	527	1
9.875100	718	1
9.875460	438	1
9.876180	417	1
9.878880	67	1
9.879120	604	1
9.883560	207	1
9.883740	419	1
9.888120	132	1
9.888420	654	1
9.891300	20	1
9.891480	861	1
9.891780	421	1
9.892260	439	1
9.893100	110	1
9.893940	594	1
9.894180	699	1
9.903180	473	1
9.905340	949	1
9.905580	446	1
9.906360	101	0
9.908820	144	1
9.915120	723	1
9.923700	486	1
9.927780	90	0
9.931140	42	0
9.934260	447	1
9.934980	362	1
9.935460	288	1
9.935940	618	1
9.938520	377	1
9.940020	107	1
9.946260	295	1
9.946320	736	1
9.952200	705	1
9.957060	430	1
9.958440	512	1
9.959280	206	1
9.959280	463	1
9.959760	464	1
9.960780	308	1
9.962520	172	1
9.963300	427	1
9.964140	725	1
9.964440	968	1
9.965460	744	1
9.967620	472	1
9.968160	722	1
9.972120	119	1
9.972720	709	1
9.973140	80	1
9.974160	889	1
9.975720	983	1
9.979980	104	1
9.981120	912	1
9.981780	676	1
9.982500	225	1
9.983760	106	0
9.984780	192	1
9.985560	180	0
9.986940	100	0
9.989520	646	1
9.991320	39	0
9.995700	220	0
9.999840	406	1
10.000500	118	0
10.001160	482	1
10.007340	36	0
10.007520	460	1
10.010460	457	1
10.011420	434	1
10.012740	166	1
10.016100	704	1
10.017120	226	1
10.018740	477	1
10.022580	220	1
10.023780	208	1
10.027740	436	1
10.030200	283	1
10.031580	257	1
10.035420	333	1
10.036260	356	1
10.036380	536	1
10.037940	357	1
10.039140	114	0
10.039860	209	0
10.040580	83	1
10.040760	392	1
10.043400	729	1
10.043820	803	1
10.047180	57	0
10.049280	248	1
10.050360	339	1
10.050780	967	1
10.052700	84	1
10.053120	42	0
10.054020	543	1
10.054800	994	1
10.055700	806	1
10.059720	64	0
10.060680	93	1
10.062180	329	1
10.067040	90	0
10.067160	121	1
10.067220	415	1
10.072320	314	1
10.074060	98	0
10.075560	371	1
10.076820	456	1
10.077600	450	1
10.080420	637	1
10.081140	444	1
10.084080	965	1
10.086180	322	1
10.086720	292	1
10.086960	197	1
10.087500	494	1
10.090500	81	1
10.093140	85	0
10.097580	161	1
10.098060	537	1
10.099200	484	1
10.101000	291	1
10.101840	61	0
10.104180	962	1
10.104900	101	0
10.106880	111	0
10.107180	87	0
10.107300	574	1
10.109460	627	1
10.114800	455	1
10.116840	440	1
10.117080	442	1
10.117740	603	1
10.119120	85	1
10.121640	118	0
10.122600	351	1
10.122780	764	1
10.124100	261	1
10.126200	376	1
10.127160	156	1
10.127880	78	0
10.137120	286	1
10.139460	188	1
10.142580	481	1
10.143240	343	1
10.147500	398	1
10.147680	388	1
10.151700	708	1
10.158600	106	0
10.159500	437	1
10.163940	189	1
10.164060	263	1
10.164720	606	1
10.166160	169	1
10.169880	453	1
10.172280	195	1
10.174080	424	1
10.178220	219	1
10.185000	987	1
10.189740	340	1
10.191480	313	1
10.191480	324	1
10.193400	544	1
10.195020	350	1
10.195320	495	1
10.202280	596	1
10.204380	446	1
10.205580	36	0
10.206360	716	1
10.208220	220	0
10.213020	429	1
10.213740	924	1
10.214040	795	1
10.215900	706	1
10.219200	491	1
10.221300	505	1
10.221420	407	1
10.221960	386	1
10.225500	561	1
10.225860	126	1
10.230060	312	1
10.231740	500	1
10.232700	542	1
10.233000	416	1
10.238460	150	1
10.240140	236	1
10.240440	39	1
10.241460	720	1
10.241940	412	1
10.242780	303	1
10.242900	306	1
10.244220	101	0
10.249140	93	0
10.250760	1006	1
10.251360	662	1
10.252800	302	1
10.253220	73	0
10.254300	547	1
10.257060	765	1
10.261020	963	1
10.266000	489	1
10.269240	548	1
10.269420	289	1
10.274820	245	1
10.275600	115	1
10.276080	971	1
10.279440	573	1
10.281120	391	1
10.281300	68	0
10.282380	77	0
10.291440	106	1
10.294020	717	1
10.294140	118	0
10.295760	602	1
10.297080	557	1
10.297620	399	1
10.298880	157	1
10.299180	605	1
10.299840	90	0
10.301340	200	1
10.304820	673	1
10.308180	449	1
10.313940	215	1
10.315500	865	1
10.320780	218	1
10.322880	163	1
10.326600	527	1
10.326960	546	1
10.332180	268	1
10.336440	337	1
10.337040	966	1
10.339980	508	1
10.341480	615	1
10.344360	904	1
10.346280	336	1
10.347000	305	1
10.348380	452	1
10.349460	469	1
10.350120	490	1
10.350420	409	1
10.352880	711	1
10.353480	147	0
10.354980	435	1
10.356000	220	0
10.362360	384	1
10.363620	359	1
10.364100	106	0
10.364340	991	1
10.364640	251	1
10.365540	133	0
10.366080	233	1
10.367160	114	1
10.368360	487	1
10.370880	176	1
10.371480	466	1
10.372620	214	1
10.373100	628	1
10.374720	533	1
10.374900	1008	1
10.376340	843	1
10.376880	510	1
10.378980	42	0
10.379820	586	1
10.380300	234	1
10.384320	114	0
10.385940	149	1
10.391040	738	1
10.394820	105	0
10.395180	419	1
10.397040	478	1
10.398720	56	1
10.398780	39	0
10.399260	432	1
10.399680	408	1
10.400880	458	1
10.402380	982	1
10.404540	735	1
10.404780	375	1
10.406040	271	1
10.408560	101	0
10.409340	213	1
10.411140	73	1
10.414980	243	1
10.415820	558	1
10.416120	468	1
10.416120	480	1
10.419300	832	1
10.419660	118	0
10.423020	358	1
10.423860	588	1
10.429380	229	1
10.431420	98	0
10.432740	418	1
10.434420	454	1
10.436880	104	0
10.440660	730	1
10.442220	262	1
10.443720	476	1
10.443780	819	1
10.443780	956	1
10.444320	36	0
10.448880	66	1
10.449360	621	1
10.454460	320	1
10.456500	520	1
10.459920	221	1
10.460400	366	1
10.460880	277	1
10.460940	750	1
10.461540	209	0
10.462080	600	1
10.462140	607	1
10.465560	95	1
10.468500	402	1
10.469760	431	1
10.470840	220	0
10.476480	439	1
10.479060	247	1
10.485840	1022	1
10.486860	348	1
10.487760	90	0
10.491060	712	1
10.493520	106	0
10.496160	115	0
10.496580	352	1
10.497720	370	1
10.498980	506	1
10.499760	440	1
10.506300	617	1
10.508040	223	1
10.508100	464	1
10.511040	805	1
10.511880	749	1
10.513200	984	1
10.513440	148	1
10.514460	479	1
10.515420	786	1
10.515540	15	1
10.517580	55	1
10.518060	445	1
10.518420	766	1
10.519380	619	1
10.523760	152	1
10.524720	597	1
10.525200	798	1
10.525980	641	1
10.535160	536	1
10.537020	276	1
10.537260	86	0
10.537560	526	1
10.539600	323	1
10.539600	100	0
10.540500	933	1
10.541400	62	1
10.543320	534	1
10.544220	272	1
10.545300	254	1
10.548000	290	1
10.548720	378	1
10.550040	640	1
10.554600	342	1
10.556340	543	1
10.556640	700	1
10.558380	568	1
10.558620	275	1
10.561980	220	0
10.565400	745	1
10.568940	663	1
10.569060	467	1
10.571160	339	1
10.573740	151	0
10.574160	332	1
10.575300	406	1
10.576620	870	1
10.580700	25	1
10.582440	931	1
10.582920	630	1
10.583460	101	0
10.587360	484	1
10.587840	744	1
10.590180	473	1
10.590900	740	1
10.590960	308	1
10.596540	801	1
10.598580	729	1
10.598640	748	1
10.599240	298	1
10.599780	470	1
10.602660	980	1
10.605960	318	1
10.608300	91	1
10.615560	571	1
10.615800	660	1
10.616940	284	1
10.617660	293	1
10.619820	463	1
10.621440	400	1
10.623180	118	0
10.624380	415	1
10.626840	192	1
10.627140	133	0
10.627740	64	0
10.630620	285	1
10.632120	793	1
10.634520	264	1
10.634580	417	1
10.635240	693	1
10.637040	911	1
10.639800	754	1
10.640400	574	1
10.640640	304	1
10.647540	20	1
10.648620	68	0
10.650900	225	1
10.651020	353	1
10.652400	496	1
10.653660	21	1
10.658760	421	1
10.659120	821	1
10.659840	634	1
10.662420	297	1
10.663320	173	1
10.665780	720	1
10.665840	869	1
10.666860	295	1
10.668480	106	0
10.669200	232	1
10.669560	77	0
10.672560	29	1
10.676160	224	1
10.677180	707	1
10.681260	160	1
10.687020	481	1
10.687560	220	0
10.687980	706	1
10.688880	723	1
10.690800	581	1
10.691040	217	1
10.694820	333	1
10.695240	448	1
10.695900	921	1
10.698540	321	1
10.699080	210	1
10.699860	383	1
10.700700	259	1
10.702920	606	1
10.705080	449	1
10.705740	208	1
10.706100	344	1
10.706400	151	1
10.706940	922	1
10.708440	148	0
10.708920	319	1
10.714560	721	1
10.715160	114	0
10.716180	209	0
10.716240	531	1
10.718700	649	1
10.719180	87	0
10.720320	219	1
10.721820	90	0
10.722540	692	1
10.723920	861	1
10.725360	570	1
10.725600	709	1
10.726860	305	1
10.727160	110	1
10.727880	371	1
10.727880	928	1
10.728360	314	1
10.729800	78	0
10.730220	207	1
10.730400	422	1
10.730580	482	1
10.730820	646	1
10.730820	57	0
10.731720	53	0
10.732380	100	0
10.734360	292	1
10.734960	705	1
10.735320	93	0
10.735740	86	0
10.736520	751	1
10.736580	62	0
10.738620	312	1
10.738980	827	1
10.739520	134	0
10.740360	250	1
10.740780	101	0
10.742460	494	1
10.743780	257	1
10.746240	741	1
10.749240	776	1
10.749660	701	1
10.749840	967	1
10.749900	800	1
10.754160	316	1
10.755660	627	1
10.757280	170	0
10.758960	962	1
10.759080	64	0
10.759980	61	0
10.760640	447	1
10.761420	244	1
10.763880	183	0
10.764000	206	1
10.764060	263	1
10.765200	118	0
10.765800	883	1
10.767540	266	1
10.768920	36	0
10.769520	248	1
10.773300	684	1
10.773780	360	1
10.773780	918	1
10.774020	301	1
10.775460	689	1
10.776720	702	1
10.777620	167	1
10.779000	125	1
10.779600	313	1
10.780920	758	1
10.782780	778	1
10.784160	172	1
10.784340	269	1
10.785180	186	0
10.785300	10	1
10.785480	669	1
10.785660	42	0
10.786200	433	1
10.787160	132	1
10.790400	193	1
10.790700	71	0
10.796940	324	1
10.797120	662	1
10.797480	220	0
10.797960	68	0
10.800180	57	1
10.800720	790	1
10.802580	698	1
10.803180	73	0
10.804680	399	1
10.805280	664	1
10.805340	943	1
10.805640	60	0
10.806840	455	1
10.808880	161	1
10.810020	446	1
10.813800	268	1
10.813800	273	1
10.815660	549	1
10.817460	637	1
10.817640	365	1
10.822140	55	0
10.822560	144	1
10.828800	220	1
10.831080	644	1
10.832160	747	1
10.833180	351	1
10.833360	955	1
10.835340	317	1
10.836000	39	0
10.839540	235	1
10.841520	512	1
10.847160	994	1
10.847400	54	0
10.847700	676	1
10.848540	119	1
10.849080	968	1
10.849200	52	0
10.849680	83	1
10.849860	544	1
10.851420	878	1
10.854660	806	1
10.857180	238	1
10.857360	450	1
10.858200	711	1
10.859400	78	0
10.859580	104	1
10.860240	336	1
10.861320	218	1
10.862520	513	1
10.866300	718	1
10.869720	106	0
10.869960	925	1
10.870620	245	1
10.871580	101	0
10.873500	157	1
10.873800	315	1
10.874940	283	1
10.880640	738	1
10.881120	246	1
10.883520	201	1
10.884480	85	1
10.885920	286	1
10.886940	150	0
10.887660	306	1
10.891740	724	1
10.892520	213	1
10.897260	761	1
10.898520	87	0
10.901640	820	1
10.903140	647	1
10.903200	892	1
10.904340	764	1
10.905660	716	1
10.905900	983	1
10.906200	261	1
10.910700	215	1
10.912920	717	1
10.913280	64	0
10.913700	274	1
10.914480	757	1
10.915020	115	1
10.915080	719	1
10.915140	166	1
10.915500	66	0
10.916280	743	1
10.916760	457	1
10.917300	277	1
10.917660	36	0
10.917780	472	1
10.918260	322	1
10.919280	648	1
10.922820	122	1
10.923240	114	1
10.923360	209	1
10.924800	427	1
10.926240	677	1
10.927320	262	1
10.928220	795	1
10.929420	220	0
10.929720	62	0
10.930260	165	0
10.933020	802	1
10.933860	714	1
10.934640	195	1
10.934940	343	1
10.934940	57	0
10.935780	320	1
10.936080	183	0
10.936740	811	1
10.940820	61	0
10.942740	182	0
10.943100	853	1
10.943820	28	0
10.943880	350	1
10.945560	809	1
10.946580	258	1
10.947120	205	1
10.947120	188	0
10.949220	308	1
10.949700	500	1
10.950480	596	1
10.951260	712	1
10.953060	84	1
10.953720	169	1
10.953840	49	0
10.954800	987	1
10.955040	216	1
10.955340	73	0
10.956480	156	1
10.956540	80	1
10.956540	434	1
10.958700	749	1
10.959360	832	1
10.959540	197	1
10.960860	410	1
10.961520	42	0
10.961640	836	1
10.962540	602	1
10.963140	337	1
10.965240	186	0
10.965240	209	0
10.965600	291	1
10.965600	90	0
10.967580	199	0
10.968660	889	1
10.970460	407	1
10.972080	376	1
10.973940	68	0
10.974780	557	1
10.976340	60	0
10.976580	442	1
10.977780	527	1
10.981860	819	1
10.982100	231	1
10.982640	444	1
10.983240	118	0
10.989960	289	1
10.991040	358	1
10.992000	891	1
10.992060	720	1
10.992120	546	1
10.995540	93	1
10.995660	77	0
10.999020	226	1
11.000940	912	1
11.004360	98	0
11.004900	196	1
11.008140	147	0
11.010480	188	1
11.011380	85	0
11.011800	342	1
11.012400	722	1
11.012880	944	1
11.013960	78	0
11.017980	153	1
11.017980	310	1
11.018220	220	0
11.020080	458	1
11.020440	881	1
11.020800	765	1
11.021160	339	1
11.024580	837	1
11.025060	729	1
11.025360	129	1
11.025420	897	1
11.026200	39	0
11.029620	594	1
11.030640	847	1
11.031840	440	1
11.032140	963	1
11.032800	843	1
11.033580	682	1
11.034840	573	1
11.035920	290	1
11.036100	117	1
11.038320	150	1
11.041440	845	1
11.041680	35	0
11.041920	793	1
11.042520	32	1
11.042520	386	1
11.042880	241	1
11.043240	121	1
11.044140	218	0
11.046420	149	1
11.049420	604	1
11.050020	814	1
11.051280	789	1
11.052060	672	1
11.052780	857	1
11.053020	36	0
11.056320	909	1
11.057820	750	1
11.058000	57	0
11.060040	236	1
11.060100	40	0
11.060400	736	1
11.065680	949	1
11.066640	347	1
11.067660	254	1
11.067960	818	1
11.073420	206	0
11.074740	855	1
11.076960	910	1
11.077620	631	1
11.080080	41	0
11.080500	464	1
11.081160	312	1
11.082000	388	1
11.085840	851	1
11.088480	439	1
11.095200	392	1
11.096820	803	1
11.098140	606	1
11.098200	774	1
11.098980	486	1
11.099700	271	1
11.100660	801	1
11.102340	924	1
11.106480	744	1
11.107860	302	1
11.109540	438	1
11.111400	406	1
11.111580	810	1
11.112600	477	1
11.113380	510	1
11.113980	44	0
11.116080	61	0
11.116320	231	0
11.116740	101	0
11.117100	866	1
11.118600	67	1
11.120100	408	1
11.120400	786	1
11.121660	55	1
11.121660	794	1
11.125020	171	1
11.125500	704	1
11.128560	148	1
11.132100	861	1
11.132220	426	1
11.132280	808	1
11.132820	90	0
11.133180	415	1
11.133720	844	1
11.134500	209	0
11.135220	294	1
11.140500	205	0
11.141460	923	1
11.143200	220	0
11.144640	966	1
11.144880	460	1
11.145720	865	1
11.145960	409	1
11.146080	198	1
11.146260	356	1
11.147160	842	1
11.148480	276	1
11.149260	247	1
11.149680	200	0
11.151060	561	1
11.151240	435	1
11.151900	805	1
11.155020	64	0
11.159100	329	1
11.159640	600	1
11.161560	211	0
11.163060	869	1
11.164260	348	1
11.164860	118	0
11.166000	652	1
11.167860	817	1
11.168700	346	1
11.169180	767	1
11.170080	884	1
11.172900	377	1
11.173260	868	1
11.174280	933	1
11.176380	224	0
11.176740	870	1
11.177640	106	0
11.180640	859	1
11.181960	203	0
11.182260	476	1
11.182440	214	1
11.184540	78	0
11.184720	114	0
11.187660	766	1
11.188440	213	0
11.189340	98	0
11.190300	781	1
11.193600	284	1
11.193840	219	0
11.193960	107	1
11.194200	353	1
11.195220	196	0
11.196600	898	1
11.199360	821	1
11.199480	95	1
11.200200	417	1
11.202540	235	0
11.203680	638	1
11.205240	603	1
11.208060	362	1
11.213220	304	1
11.213640	685	1
11.213880	621	1
11.213880	754	1
11.214360	194	1
11.215440	723	1
11.216280	228	0
11.216400	470	1
11.216580	227	0
11.219820	951	1
11.220720	225	1
11.221260	706	1
11.224260	981	1
11.224680	81	1
11.227080	243	1
11.228340	823	1
11.228520	879	1
11.228940	699	1
11.229600	877	1
11.231580	81	0
11.238600	209	0
11.239560	264	1
11.239800	558	1
11.241420	937	1
11.241600	607	1
11.241660	412	1
11.241840	1006	1
11.243340	220	0
11.247360	953	1
11.248380	737	1
11.250180	183	0
11.250900	161	1
11.251320	323	1
11.251920	759	1
11.252700	640	1
11.254860	829	1
11.256840	839	1
11.258640	208	1
11.258880	101	0
11.259720	735	1
11.259960	982	1
11.260800	136	1
11.262900	720	1
11.263980	39	0
11.265240	641	1
11.266260	798	1
11.266800	441	1
11.266920	911	1
11.267280	586	1
11.268120	825	1
11.268960	850	1
11.271300	142	0
11.272500	495	1
11.274180	824	1
11.277420	936	1
11.277720	473	1
11.281440	185	1
11.283780	180	0
11.285820	697	1
11.291160	57	0
11.292180	211	0
11.292240	42	0
11.292840	725	1
11.293080	467	1
11.293080	692	1
11.293200	416	1
11.294580	888	1
11.294700	430	1
11.298840	36	0
11.299380	186	0
11.303280	221	1
11.304840	630	1
11.305800	275	1
11.306580	219	1
11.306640	908	1
11.307060	899	1
11.311860	190	0
11.313660	815	1
11.314320	126	1
11.315220	618	1
11.317560	220	0
11.320740	876	1
11.326440	484	1
11.328180	931	1
11.333040	962	1
11.333640	170	0
11.333820	232	1
11.334480	967	1
11.337300	421	1
11.337780	831	1
11.338260	711	1
11.338560	760	1
11.341380	209	0
11.341800	151	0
11.342220	206	1
11.342940	164	0
11.343840	615	1
11.344560	303	1
11.350920	449	1
11.353080	904	1
11.360220	251	1
11.361720	903	1
11.365620	192	1
11.366760	574	1
11.369160	418	1
11.370240	905	1
11.371560	654	1
11.372580	729	1
11.373300	906	1
11.373720	20	1
11.376780	61	0
11.378460	917	1
11.378700	340	1
11.383500	822	1
11.384100	745	1
11.388360	106	1
11.388420	173	1
11.389620	318	1
11.389980	705	1
11.390940	840	1
11.396100	925	1
11.396400	305	1
11.398080	543	1
11.398680	436	1
11.398740	231	0
11.399640	926	1
