0.004020	829	1
0.015060	20	1
0.017760	1	0
0.018180	522	1
0.022080	110	1
0.022320	794	1
0.022800	707	1
0.024780	482	1
0.027660	101	0
0.029700	202	0
0.034260	218	1
0.037560	82	1
0.046080	223	1
0.047520	66	1
0.049020	102	1
0.049260	308	1
0.050100	205	0
0.051300	487	1
0.059520	114	0
0.064080	728	1
0.065580	854	1
0.066000	36	0
0.071700	855	1
0.073680	64	0
0.078900	957	1
0.086880	206	0
0.087720	42	0
0.091320	39	0
0.093000	754	1
0.102600	971	1
0.106260	291	1
0.119160	654	1
0.123840	209	0
0.128040	698	1
0.129000	220	0
0.129780	332	1
0.133740	692	1
0.136740	334	1
0.150600	57	1
0.154620	736	1
0.156900	853	1
0.250680	371	1
0.252480	302	1
0.364620	220	0
0.425160	744	1
0.630360	220	0
0.899100	220	0
0.994800	148	1
1.022460	561	1
1.034880	292	1
1.168020	220	0
1.219080	806	1
1.324800	263	1
1.408140	220	0
1.476720	628	1
1.527120	247	1
1.675800	220	0
1.809960	336	1
1.889340	720	1
1.944660	220	0
1.950660	744	1
1.959720	446	1
2.008740	406	1
2.012520	729	1
2.038980	561	1
2.047080	292	1
2.078940	400	1
2.079480	371	1
2.136960	407	1
2.143380	706	1
2.213640	220	0
2.214600	348	1
2.219640	172	1
2.240880	148	1
2.253480	415	1
2.312040	673	1
2.315400	313	1
2.323740	218	1
2.326920	342	1
2.348880	440	1
2.366580	312	1
2.476680	473	1
2.482620	220	0
2.485920	481	1
2.487960	718	1
2.488260	263	1
2.490480	806	1
2.517660	484	1
2.530560	336	1
2.549460	606	1
2.556780	723	1
2.564880	676	1
2.586600	711	1
2.623380	486	1
2.634000	707	1
2.653560	290	1
2.661000	320	1
2.668860	544	1
2.697420	247	1
2.740020	220	0
2.763000	729	1
2.786640	215	1
2.815560	446	1
2.828880	295	1
2.890920	220	1
2.919420	161	1
2.919960	619	1
2.946900	628	1
2.952240	114	1
2.983620	201	1
2.985600	308	1
2.987280	720	1
2.992620	292	1
2.992860	262	1
3.008280	220	0
3.017640	561	1
3.071400	333	1
3.090120	924	1
3.120180	284	1
3.181860	254	1
3.201360	314	1
3.211860	293	1
3.234660	400	1
3.239220	744	1
3.267300	324	1
3.277200	220	0
3.288840	312	1
3.297720	892	1
3.313680	371	1
3.322860	218	1
3.357360	263	1
3.396000	342	1
3.425460	261	1
3.429960	407	1
3.439680	148	1
3.445440	21	1
3.494040	706	1
3.495600	323	1
3.512220	406	1
3.518640	247	1
3.520320	313	1
3.530460	220	0
3.546600	336	1
3.551340	305	1
3.567480	217	1
3.640680	847	1
3.674940	321	1
3.684180	295	1
3.694380	801	1
3.709620	348	1
3.712620	308	1
3.723720	806	1
3.753660	720	1
3.766560	292	1
3.768300	268	1
3.774000	220	0
3.784920	219	1
3.791220	440	1
3.804360	337	1
3.815040	290	1
3.816480	172	1
3.842160	415	1
3.857400	220	1
3.859260	322	1
3.874140	729	1
3.878460	333	1
3.879840	446	1
3.883380	57	1
3.890580	248	1
3.943200	793	1
3.950460	320	1
3.976500	371	1
3.988320	561	1
4.009260	339	1
4.030620	293	1
4.037520	220	0
4.041960	312	1
4.048440	606	1
4.060260	218	1
4.069020	868	1
4.087500	481	1
4.106700	736	1
4.111620	286	1
4.118400	302	1
4.118460	342	1
4.128900	297	1
4.136100	375	1
4.146240	744	1
4.161840	711	1
4.170300	832	1
4.177740	353	1
4.188660	161	1
4.193460	323	1
4.195380	314	1
4.202100	262	1
4.212600	220	0
4.214220	121	1
4.246920	90	0
4.248420	313	1
4.257900	399	1
4.268100	400	1
4.274940	209	0
4.292220	336	1
4.317720	292	1
4.321260	486	1
4.322460	308	1
4.326060	484	1
4.327860	215	1
4.330440	544	1
4.356600	114	1
4.365900	247	1
4.374120	821	1
4.383000	263	1
4.386180	628	1
4.386540	861	1
4.432800	781	1
4.435080	254	1
4.438020	220	0
4.467720	714	1
4.480260	284	1
4.490340	407	1
4.504500	383	1
4.532460	406	1
4.550940	149	1
4.564140	673	1
4.576740	173	1
4.596480	201	1
4.619280	723	1
4.631700	148	1
4.633380	924	1
4.653120	707	1
4.675080	371	1
4.680300	473	1
4.682760	729	1
4.700460	220	0
4.706040	712	1
4.719120	276	1
4.731000	892	1
4.753980	720	1
4.769280	627	1
4.790160	706	1
4.825980	764	1
4.831140	717	1
4.835760	419	1
4.844880	446	1
4.862040	561	1
4.870800	172	1
4.939560	101	0
4.940400	836	1
4.948560	220	0
4.975020	415	1
4.989360	233	1
4.994220	806	1
5.000580	676	1
5.017020	718	1
5.048340	847	1
5.089800	218	1
5.095200	619	1
5.097960	933	1
5.101080	832	1
5.111280	744	1
5.118600	220	0
5.126160	440	1
5.160120	209	0
5.209620	220	1
5.300280	889	1
5.337300	220	0
5.364120	292	1
5.449680	606	1
5.489640	921	1
5.490240	801	1
5.517660	481	1
5.532480	904	1
5.532600	263	1
5.546700	967	1
5.547060	711	1
5.595480	220	0
5.693160	793	1
5.698200	247	1
5.744880	729	1
5.762820	720	1
5.819280	544	1
5.820060	628	1
5.822700	148	1
5.832300	336	1
5.832480	561	1
5.847060	883	1
5.859840	736	1
5.860920	220	0
5.968320	744	1
5.981880	161	1
6.017640	924	1
6.038580	312	1
6.040440	400	1
6.049320	114	1
6.093660	673	1
6.122160	220	0
6.133080	484	1
6.172560	406	1
6.205740	21	1
6.207060	313	1
6.210540	806	1
6.231180	706	1
6.279660	446	1
6.312840	348	1
6.327060	371	1
6.336540	292	1
6.345960	220	0
6.395700	407	1
6.409200	101	0
6.434940	892	1
6.512220	172	1
6.546540	342	1
6.565380	220	0
6.568920	720	1
6.643020	218	1
6.650100	336	1
6.657960	262	1
6.661380	263	1
6.663480	707	1
6.739800	320	1
6.741300	321	1
6.789840	290	1
6.801840	561	1
6.814800	729	1
6.814980	215	1
6.831660	220	0
6.839280	415	1
6.841500	247	1
6.877560	473	1
6.883080	312	1
6.901740	295	1
6.927420	308	1
6.961020	284	1
6.971100	220	1
7.011840	440	1
7.012920	148	1
7.022160	121	1
7.022940	484	1
7.023720	333	1
7.028520	481	1
7.052160	201	1
7.077540	314	1
7.094880	399	1
7.100460	220	0
7.111200	446	1
7.134780	723	1
7.161960	486	1
7.224420	606	1
7.233120	383	1
7.235100	161	1
7.236780	101	0
7.254780	628	1
7.258560	711	1
7.271520	57	1
7.281060	339	1
7.295220	744	1
7.297080	292	1
7.317840	337	1
7.320660	544	1
7.323660	114	1
7.329000	261	1
7.336980	400	1
7.343580	313	1
7.360260	254	1
7.369380	220	0
7.392540	149	1
7.404600	706	1
7.414020	371	1
7.435800	806	1
7.443960	336	1
7.450860	720	1
7.453020	729	1
7.466400	293	1
7.514640	673	1
7.518240	353	1
7.521120	407	1
7.542240	322	1
7.544880	218	1
7.559700	342	1
7.600980	220	0
7.631400	718	1
7.655700	323	1
7.668720	324	1
7.672380	406	1
7.673940	308	1
7.696500	676	1
7.717920	263	1
7.736880	312	1
7.747980	247	1
7.764000	347	1
7.769940	561	1
7.815180	305	1
7.817160	302	1
7.840200	295	1
7.848960	348	1
7.850940	248	1
7.868280	220	0
7.879740	320	1
7.931220	333	1
7.939860	290	1
7.959000	292	1
7.973940	173	1
7.974360	286	1
7.992660	375	1
8.034480	268	1
8.039580	172	1
8.043840	321	1
8.049240	371	1
8.061360	220	1
8.068200	293	1
8.070660	262	1
8.071740	801	1
8.094060	314	1
8.134380	336	1
8.137080	220	0
8.140680	90	0
8.165280	101	0
8.165760	284	1
8.184480	215	1
8.184960	218	1
8.190000	415	1
8.203680	148	1
8.204280	446	1
8.214840	313	1
8.226720	342	1
8.240880	297	1
8.316420	312	1
8.357160	400	1
8.362500	201	1
8.390760	274	1
8.406060	220	0
8.469420	407	1
8.487780	233	1
8.514180	292	1
8.535180	308	1
8.536860	254	1
8.546580	924	1
8.572920	276	1
8.577060	720	1
8.585220	744	1
8.662500	806	1
8.668860	729	1
8.673300	220	0
8.673840	263	1
8.673960	707	1
8.688240	628	1
8.737860	561	1
8.744940	406	1
8.769360	892	1
8.772960	247	1
8.809860	673	1
8.846880	706	1
8.887740	220	0
8.952780	711	1
8.962920	21	1
8.967300	484	1
9.011400	440	1
9.048900	161	1
9.074580	473	1
9.143040	847	1
9.153060	220	0
9.162900	481	1
9.181320	114	1
9.188220	606	1
9.222960	446	1
9.248820	619	1
9.251880	723	1
9.286620	486	1
9.357000	544	1
9.388080	600	1
9.388560	371	1
9.393900	148	1
9.421800	220	0
9.542520	407	1
9.557400	400	1
9.566460	292	1
9.602640	729	1
9.606240	172	1
9.625800	720	1
9.690720	220	0
9.706080	561	1
9.736800	336	1
9.759720	415	1
9.763320	218	1
9.809820	263	1
9.834900	406	1
9.838740	744	1
9.889740	806	1
9.902940	342	1
9.937080	220	0
9.998280	348	1
10.003320	247	1
10.034640	312	1
10.055880	215	1
10.064160	313	1
10.091580	320	1
10.122780	628	1
10.123920	290	1
10.139700	706	1
10.200540	220	0
10.206840	446	1
10.243200	295	1
10.309740	336	1
10.310820	220	1
10.383060	292	1
10.388280	673	1
10.389660	201	1
10.400340	371	1
10.406940	333	1
10.413540	720	1
10.417920	308	1
10.469100	220	0
10.481220	262	1
10.483920	322	1
10.511160	254	1
10.575420	293	1
10.577820	407	1
10.584120	148	1
10.603020	284	1
10.604040	314	1
10.620540	261	1
10.629780	324	1
10.641720	323	1
10.650480	711	1
10.658760	57	1
10.658820	729	1
10.659600	161	1
10.666920	263	1
10.673820	561	1
10.675980	218	1
10.675980	801	1
10.681380	342	1
10.683900	707	1
10.691220	217	1
10.733940	114	1
10.738020	220	0
10.742100	247	1
10.755180	406	1
10.757760	305	1
10.761120	308	1
10.766160	312	1
10.766580	248	1
10.771500	676	1
10.789500	219	1
10.805100	399	1
10.810320	302	1
10.816860	353	1
10.821000	297	1
10.824120	339	1
10.829460	484	1
10.852500	268	1
10.861020	321	1
10.878240	400	1
10.893600	337	1
10.901340	295	1
10.910640	290	1
10.936620	292	1
10.949700	440	1
10.950360	192	1
10.956480	793	1
10.981440	924	1
11.007000	220	0
11.007120	619	1
11.011020	286	1
11.014560	313	1
11.023140	415	1
11.023740	744	1
11.030280	336	1
11.045340	446	1
11.049240	266	1
11.051880	392	1
11.055180	221	1
11.095080	220	1
11.112600	101	0
11.117160	806	1
11.120220	736	1
11.121120	352	1
11.125440	606	1
11.135040	232	1
11.137980	383	1
11.139540	340	1
11.167920	172	1
11.174700	233	1
11.175960	439	1
11.182080	315	1
11.183460	892	1
11.187180	481	1
11.204820	276	1
11.207280	314	1
11.212740	453	1
11.215800	220	0
11.225340	821	1
11.233200	274	1
11.245080	320	1
11.247240	218	1
11.267520	306	1
11.267760	348	1
11.269860	720	1
11.271840	473	1
11.275320	889	1
11.303340	173	1
11.307600	486	1
11.317800	407	1
11.366940	193	1
11.372340	371	1
11.375160	544	1
11.394060	832	1
