0.171480	148	1
0.183240	744	1
0.252540	220	0
0.267000	406	1
0.273660	720	1
0.301380	473	1
0.301560	218	1
0.308460	729	1
0.337860	114	1
0.340500	561	1
0.362640	292	1
0.363360	723	1
0.369720	415	1
0.396480	440	1
0.398520	337	1
0.402420	606	1
0.410400	706	1
0.417720	717	1
0.427140	711	1
0.435360	248	1
0.435840	149	1
0.447360	793	1
0.454860	967	1
0.463380	573	1
0.471900	207	1
0.474780	215	1
0.476580	305	1
0.477120	324	1
0.488820	764	1
0.488940	832	1
0.492960	276	1
0.504660	220	0
0.513300	494	1
0.515340	263	1
0.521820	426	1
0.521880	484	1
0.525060	219	1
0.528480	607	1
0.534780	264	1
0.534840	399	1
0.540840	157	1
0.543600	749	1
0.552900	600	1
0.566580	247	1
0.569880	339	1
0.576000	994	1
0.580920	557	1
0.582720	192	1
0.592020	85	1
0.596340	574	1
0.597480	209	0
0.600300	446	1
0.602700	388	1
0.603960	987	1
0.609480	806	1
0.612420	118	0
0.619320	245	1
0.622080	861	1
0.631980	408	1
0.634320	257	1
0.635040	336	1
0.637500	546	1
0.639000	766	1
0.639720	464	1
0.639720	481	1
0.645480	386	1
0.646020	933	1
0.646860	692	1
0.649500	660	1
0.659460	62	1
0.666660	716	1
0.668880	220	0
0.672120	206	1
0.681600	968	1
0.691440	646	1
0.696480	251	1
0.697740	819	1
0.700800	101	0
0.701100	226	1
0.702120	156	1
0.702120	640	1
0.709140	458	1
0.711780	449	1
0.712680	627	1
0.718200	55	1
0.718740	83	1
0.720120	220	1
0.728820	744	1
0.732180	412	1
0.734340	735	1
0.744420	805	1
0.745020	20	1
0.750180	962	1
0.751980	409	1
0.757380	208	1
0.759000	115	1
0.759480	705	1
0.763080	214	1
0.765660	510	1
0.769080	983	1
0.776640	843	1
0.779040	790	1
0.781440	262	1
0.788100	602	1
0.788220	95	1
0.789060	118	0
0.793260	225	1
0.795000	312	1
0.803820	148	1
0.805740	738	1
0.806580	439	1
0.808680	778	1
0.813420	144	1
0.814380	104	1
0.817920	29	1
0.819300	729	1
0.821760	709	1
0.822060	754	1
0.823260	476	1
0.823440	209	0
0.824760	596	1
0.826440	750	1
0.831420	637	1
0.834000	210	1
0.834180	720	1
0.837000	254	1
0.838800	57	0
0.838980	220	0
0.839400	943	1
0.842340	152	1
0.844920	765	1
0.850020	786	1
0.850380	965	1
0.853800	350	1
0.859500	42	0
0.860400	36	0
0.862620	955	1
0.864660	110	1
0.865080	189	1
0.867420	984	1
0.869820	28	0
0.874080	91	1
0.874560	628	1
0.874980	132	1
0.876600	641	1
0.879780	291	1
0.880860	195	1
0.886020	400	1
0.886800	275	1
0.889740	795	1
0.893400	924	1
0.897240	170	0
0.898260	289	1
0.899760	798	1
0.903180	745	1
0.906900	663	1
0.919140	277	1
0.922500	801	1
0.922860	821	1
0.924420	870	1
0.928800	430	1
0.932820	56	1
0.935160	527	1
0.936240	173	1
0.937860	407	1
0.939480	558	1
0.939600	271	1
0.939900	911	1
0.942060	358	1
0.944820	418	1
0.945540	64	0
0.946320	376	1
0.954600	662	1
0.955740	220	0
0.955860	415	1
0.956460	630	1
0.957000	982	1
0.957660	586	1
0.967440	67	1
0.970080	740	1
0.970980	406	1
0.974580	25	1
0.976380	80	1
0.976800	119	1
0.976800	172	1
0.977100	853	1
0.979800	114	1
0.982920	543	1
0.983100	615	1
0.983580	704	1
0.984180	218	1
0.984420	166	1
0.991920	81	1
0.994500	869	1
1.000440	711	1
1.004040	621	1
1.004040	718	1
1.007820	931	1
1.010880	151	1
1.011420	803	1
1.013520	944	1
1.013640	440	1
1.015140	676	1
1.015260	161	1
1.015320	118	0
1.016640	442	1
1.018140	304	1
1.020900	912	1
1.021260	371	1
1.021500	918	1
1.022340	581	1
1.022640	606	1
1.024200	707	1
1.024560	234	1
1.024620	1006	1
1.024740	417	1
1.026360	42	0
1.026780	473	1
1.031160	318	1
1.032900	747	1
1.033140	712	1
1.036140	717	1
1.037040	570	1
1.040040	673	1
1.040340	730	1
1.040520	619	1
1.041180	342	1
1.042260	723	1
1.046640	220	0
1.049580	348	1
1.049880	604	1
1.052100	706	1
1.053900	320	1
1.054260	793	1
1.056120	39	0
1.057080	1008	1
1.059780	201	1
1.060080	209	0
1.067460	36	0
1.068180	649	1
1.068600	101	0
1.071780	751	1
1.073820	647	1
1.077660	15	1
1.080120	126	1
1.082340	748	1
1.084020	165	0
1.085220	618	1
1.088400	669	1
1.089300	170	0
1.090140	169	1
1.090740	353	1
1.091520	117	1
1.093500	53	0
1.093860	219	1
1.094400	689	1
1.095960	276	1
1.098540	186	0
1.099080	607	1
1.101060	150	0
1.102740	183	0
1.103820	337	1
1.104060	383	1
1.104660	800	1
1.112040	90	0
1.114800	365	1
1.117140	991	1
1.120020	836	1
1.121940	467	1
1.125180	536	1
1.125660	600	1
1.127100	197	1
1.128720	892	1
1.129920	971	1
1.130280	93	1
1.133220	652	1
1.136640	188	0
1.136940	701	1
1.138140	484	1
1.143540	283	1
1.143780	121	1
1.150860	809	1
1.152240	57	1
1.155840	776	1
1.156920	410	1
1.158120	749	1
1.162140	344	1
1.162260	305	1
1.162620	313	1
1.167180	597	1
1.167300	865	1
1.168380	107	1
1.169940	928	1
1.175820	744	1
1.176060	78	0
1.176660	594	1
1.178640	273	1
1.179060	949	1
1.180440	167	1
1.180920	220	0
1.186380	963	1
1.189800	292	1
1.189860	398	1
1.195620	889	1
1.196460	722	1
1.198680	362	1
1.202340	757	1
1.206120	573	1
1.206720	433	1
1.210740	399	1
1.211880	290	1
1.212300	334	1
1.213680	702	1
1.214040	720	1
1.215540	820	1
1.216140	544	1
1.218240	802	1
1.220640	248	1
1.221060	684	1
1.221360	764	1
1.226100	832	1
1.228260	861	1
1.228860	980	1
1.235280	844	1
1.236900	827	1
1.240620	736	1
1.241880	339	1
1.243560	207	1
1.244340	967	1
1.245180	235	0
1.246800	268	1
1.248180	215	1
1.254060	574	1
1.257540	323	1
1.258680	891	1
1.261260	220	0
1.261380	285	1
1.261620	446	1
1.261800	100	0
1.261920	236	1
1.261920	956	1
1.266120	933	1
1.266180	259	1
1.269480	698	1
1.272840	86	0
1.273620	322	1
1.274640	421	1
1.277220	336	1
1.277340	264	1
1.279680	811	1
1.281720	537	1
1.282800	186	0
1.284480	209	0
1.286280	308	1
1.286880	561	1
1.286940	729	1
1.289640	284	1
1.292040	692	1
1.293720	257	1
1.295520	149	1
1.296060	359	1
1.296840	183	0
1.297740	741	1
1.299060	324	1
1.299780	547	1
1.300320	68	0
1.306080	111	1
1.307160	247	1
1.307640	101	0
1.317600	819	1
1.318740	84	1
1.322280	32	1
1.323000	263	1
1.328640	546	1
1.331160	87	0
1.332900	962	1
1.335240	298	1
1.335480	57	0
1.336560	85	1
1.338180	293	1
1.340160	129	1
1.340700	64	0
1.341240	81	0
1.341720	36	0
1.341900	286	1
1.345080	611	1
1.345140	88	1
1.346040	343	1
1.350360	922	1
1.350480	62	0
1.350960	85	0
1.351080	588	1
1.363140	966	1
1.363860	494	1
1.364220	213	1
1.368960	994	1
1.369080	660	1
1.369200	223	1
1.370700	157	1
1.371780	245	1
1.374180	78	0
1.374960	90	0
1.383840	42	0
1.385880	868	1
1.390260	295	1
1.392180	646	1
1.393080	261	1
1.394280	192	1
1.397760	312	1
1.398840	118	0
1.398960	392	1
1.399020	881	1
1.401000	464	1
1.404240	73	0
1.404300	557	1
1.408260	148	1
1.411800	61	0
1.412820	370	1
1.417320	987	1
1.425360	220	0
1.426680	55	1
1.429140	904	1
1.433520	654	1
1.435800	333	1
1.438560	438	1
1.441980	66	0
1.443180	460	1
1.459200	627	1
1.461360	375	1
1.464360	185	1
1.470000	66	1
1.473180	603	1
1.475700	115	1
1.477080	435	1
1.478940	714	1
1.482180	724	1
1.499520	486	1
1.502640	489	1
1.502880	408	1
1.508580	122	1
1.513500	21	1
1.518960	74	1
1.519680	847	1
1.521240	806	1
1.522020	406	1
1.522380	87	0
1.525260	218	1
1.532760	20	1
1.534200	156	1
1.536360	83	1
1.536900	449	1
1.537860	206	1
1.538160	512	1
1.554600	1022	1
1.557000	314	1
1.561380	921	1
1.569120	843	1
1.570260	62	1
1.572900	347	1
1.575840	968	1
1.576320	766	1
1.584300	118	0
1.588260	548	1
1.589700	101	0
1.592100	738	1
1.595340	39	0
1.595580	602	1
1.607820	209	0
1.610040	527	1
1.617600	415	1
1.624200	220	0
1.633440	440	1
1.634640	510	1
1.637940	29	1
1.640460	104	1
1.642260	114	1
1.644000	419	1
1.653300	717	1
1.657260	412	1
1.663020	95	1
1.668660	959	1
1.672920	476	1
1.672980	44	1
1.673340	388	1
1.675020	214	1
1.677780	426	1
1.687140	709	1
1.688640	983	1
1.694460	606	1
1.703820	200	1
1.704180	439	1
1.716660	226	1
1.724040	558	1
1.724820	458	1
1.726920	456	1
1.731060	91	1
1.734600	711	1
1.737660	723	1
1.738560	596	1
1.752960	351	1
1.755780	101	0
1.758600	984	1
1.758900	453	1
1.767000	790	1
1.775400	106	0
1.777020	470	1
1.780020	706	1
1.802220	473	1
1.803360	744	1
1.803360	955	1
1.807500	637	1
1.808280	243	1
1.809240	720	1
1.813140	716	1
1.819260	220	0
1.823460	641	1
1.825200	705	1
1.832520	337	1
1.834740	729	1
1.841700	208	1
1.851780	386	1
1.853880	219	1
1.857360	735	1
1.857480	409	1
1.890720	749	1
1.909380	225	1
1.910400	750	1
1.911060	442	1
1.911660	209	0
1.915680	144	1
1.916520	484	1
1.917180	793	1
1.926840	339	1
1.931760	110	1
1.934340	276	1
1.937940	376	1
1.945380	407	1
1.955640	248	1
1.959120	418	1
1.960680	832	1
1.961520	754	1
1.963260	67	1
1.985400	132	1
1.986720	399	1
1.992840	965	1
1.995180	967	1
1.999740	663	1
2.001780	220	0
2.003580	546	1
2.011860	148	1
2.018400	118	0
2.020560	805	1
2.030280	765	1
2.030820	801	1
2.034600	264	1
2.040480	573	1
2.049300	574	1
2.051640	467	1
2.055120	173	1
2.061780	630	1
2.067300	149	1
2.075940	215	1
2.079600	692	1
2.080980	586	1
2.085360	764	1
2.090220	36	0
2.090580	305	1
2.094420	350	1
2.096460	962	1
2.096820	400	1
2.099040	172	1
2.109960	607	1
2.122560	786	1
2.127720	289	1
2.130540	778	1
2.132220	798	1
2.152020	292	1
2.153400	861	1
2.157720	207	1
2.158500	406	1
2.165580	189	1
2.166300	220	0
2.169300	358	1
2.169420	324	1
2.177520	660	1
2.178660	795	1
2.180520	600	1
2.181360	220	1
2.193540	943	1
2.194800	312	1
2.196600	251	1
2.200980	218	1
2.201640	257	1
2.202060	933	1
2.207640	640	1
2.211600	371	1
2.215440	408	1
2.221620	543	1
2.222580	646	1
2.226540	234	1
2.234040	819	1
2.238000	870	1
2.243880	464	1
2.245440	210	1
2.248740	911	1
2.249160	944	1
2.249820	195	1
2.251800	415	1
2.257080	245	1
2.257260	561	1
2.257740	209	0
2.258640	85	1
2.258760	118	0
2.259240	994	1
2.263560	348	1
2.264460	263	1
2.277240	853	1
2.280120	718	1
2.280120	912	1
2.280720	803	1
2.284680	275	1
2.286120	440	1
2.290740	220	0
2.293680	320	1
2.296560	192	1
2.298300	628	1
2.304960	446	1
2.305980	982	1
2.306280	53	0
2.308740	290	1
2.309700	843	1
2.310660	918	1
2.314980	157	1
2.322180	115	1
2.323740	247	1
2.324640	987	1
2.325600	606	1
2.326080	604	1
2.340360	417	1
2.342400	738	1
2.345100	201	1
2.346480	15	1
2.346660	336	1
2.347380	1006	1
2.348160	262	1
2.348520	318	1
2.349300	557	1
2.351580	430	1
2.360640	924	1
2.361600	931	1
2.363580	621	1
2.363760	161	1
2.364120	55	1
2.367420	101	0
2.371020	80	1
2.381220	114	1
2.388300	720	1
2.391360	821	1
2.395260	711	1
2.396700	615	1
2.399280	740	1
2.405280	220	0
2.405520	388	1
2.405880	717	1
2.409780	1008	1
2.410920	20	1
2.413860	83	1
2.416740	676	1
2.417040	156	1
2.417100	800	1
2.419140	365	1
2.419380	662	1
2.421780	283	1
2.423400	277	1
2.423820	494	1
2.423940	291	1
2.424960	869	1
2.425200	744	1
2.427360	747	1
2.430240	323	1
2.431920	254	1
2.432400	729	1
2.441160	619	1
2.446020	730	1
2.448300	627	1
2.449800	827	1
2.450340	321	1
2.453220	344	1
2.455500	90	0
2.459700	25	1
2.465760	712	1
2.466660	342	1
2.470500	602	1
2.471520	313	1
2.473200	618	1
2.474100	295	1
2.476080	271	1
2.476200	353	1
2.477880	226	1
2.478000	439	1
2.486460	647	1
2.491260	219	1
2.491440	56	1
2.496360	706	1
2.499420	673	1
2.507880	458	1
2.508060	61	0
2.508660	707	1
2.510100	449	1
2.510700	597	1
2.515620	836	1
2.515800	723	1
2.520600	649	1
2.525700	308	1
2.529900	293	1
2.533500	570	1
2.537340	806	1
2.538780	151	1
2.539140	220	0
2.541000	167	1
2.541420	433	1
2.546160	892	1
2.548500	844	1
2.548740	306	1
2.551140	709	1
2.551260	118	0
2.551320	748	1
2.552100	426	1
2.554680	302	1
2.556000	101	0
2.556600	62	1
2.557680	793	1
2.560200	749	1
2.562900	701	1
2.564640	64	0
2.569140	276	1
2.571660	971	1
2.575380	757	1
2.575980	209	0
2.576640	865	1
2.581920	213	1
2.586780	29	1
2.588700	152	1
2.594040	832	1
2.594340	968	1
2.594460	119	1
2.595660	889	1
2.595840	273	1
2.606760	304	1
2.609520	337	1
2.613900	820	1
2.616060	170	0
2.618400	220	0
2.620440	95	1
2.620680	208	1
2.620920	259	1
2.621340	285	1
2.625180	536	1
2.625720	42	0
2.634240	248	1
2.636640	751	1
2.640780	963	1
2.642280	339	1
2.643240	802	1
2.647260	148	1
2.648580	93	1
2.650320	766	1
2.650920	637	1
2.652660	104	1
2.656860	596	1
2.657280	721	1
2.667600	702	1
2.668680	57	0
2.672580	305	1
2.673000	78	0
2.673960	735	1
2.674920	809	1
2.679600	476	1
2.679900	949	1
2.680320	750	1
2.680380	983	1
2.688900	594	1
2.689680	510	1
2.694060	955	1
2.695260	705	1
2.697540	218	1
2.703300	223	1
2.704980	891	1
2.704980	965	1
2.706180	86	0
2.706480	126	1
2.706840	36	0
2.708220	412	1
2.710440	801	1
2.712660	811	1
2.713380	641	1
2.713680	312	1
2.719080	980	1
2.721300	558	1
2.722800	264	1
2.725620	91	1
2.727900	383	1
2.728080	473	1
2.728380	776	1
2.729460	261	1
2.742000	962	1
2.742480	790	1
2.746680	206	1
2.749380	149	1
2.750160	724	1
2.757720	220	0
2.761440	217	1
2.762760	268	1
2.766480	967	1
2.767500	741	1
2.769960	573	1
2.770320	861	1
2.779980	225	1
2.780280	298	1
2.781300	512	1
2.783160	343	1
2.783640	334	1
2.783760	588	1
2.784600	764	1
2.786100	399	1
2.786400	720	1
2.787900	716	1
2.793900	284	1
2.794740	689	1
2.795520	546	1
2.795640	410	1
2.796600	527	1
2.798160	333	1
2.800440	484	1
2.801700	754	1
2.801940	215	1
2.808780	928	1
2.809320	631	1
2.810580	183	0
2.817720	652	1
2.818200	64	0
2.819280	286	1
2.819520	692	1
2.820600	257	1
2.826060	883	1
2.828100	722	1
2.831340	81	1
2.833080	144	1
2.834460	442	1
2.840580	660	1
2.843340	819	1
2.843580	209	0
2.844300	214	1
2.850960	42	0
2.852760	574	1
2.857140	956	1
2.862360	406	1
2.863800	72	1
2.872980	786	1
2.874180	398	1
2.877360	110	1
2.879400	324	1
2.881200	186	0
2.883720	607	1
2.885040	36	0
2.887500	547	1
2.890680	606	1
2.895660	118	0
2.903460	220	0
2.904300	409	1
2.905260	745	1
2.908140	359	1
2.909880	197	1
2.915760	933	1
2.919720	711	1
2.922600	537	1
2.924700	263	1
2.932020	881	1
2.941500	684	1
2.948400	729	1
2.948460	66	1
2.953080	744	1
2.964120	765	1
2.965380	415	1
2.973180	292	1
2.978100	736	1
2.978340	984	1
2.980980	132	1
2.985420	600	1
2.986500	192	1
2.995680	408	1
2.996160	737	1
2.996700	714	1
2.996820	646	1
3.003060	224	1
3.006600	843	1
3.007920	421	1
3.009300	904	1
3.011160	173	1
3.011160	464	1
3.012720	561	1
3.015780	157	1
3.021000	669	1
3.021780	88	1
3.022080	107	1
3.028080	392	1
3.030180	805	1
3.032340	57	1
3.033600	418	1
3.037500	544	1
3.039360	586	1
3.042300	440	1
3.044280	648	1
3.048180	370	1
3.054060	857	1
3.059400	699	1
3.060600	245	1
3.061380	371	1
3.062340	717	1
3.063960	738	1
3.065340	220	0
3.066540	247	1
3.072180	207	1
3.073860	84	1
3.078120	640	1
3.086100	114	1
3.086400	209	0
3.087840	870	1
3.089100	994	1
3.090660	32	1
3.093420	85	1
3.103620	446	1
3.108600	630	1
3.112800	219	1
3.119280	39	0
3.123600	438	1
3.125640	460	1
3.130920	289	1
3.130980	101	0
3.133020	723	1
3.142200	987	1
3.144480	55	1
3.148980	67	1
3.150120	706	1
3.153960	431	1
3.159360	795	1
3.165120	172	1
3.180480	778	1
3.183660	376	1
3.184560	855	1
3.196740	557	1
3.198540	388	1
3.204480	621	1
3.207840	407	1
3.211500	122	1
3.220260	868	1
3.224160	115	1
3.238980	148	1
3.242760	922	1
3.245520	337	1
3.249660	20	1
3.252120	386	1
3.253260	83	1
3.255480	220	0
3.268020	644	1
3.268260	156	1
3.269880	210	1
3.275940	720	1
3.291720	486	1
3.291720	749	1
3.297900	470	1
3.313140	698	1
3.313500	350	1
3.314220	793	1
3.315360	627	1
3.316980	185	1
3.323520	42	0
3.331920	663	1
3.334500	877	1
3.334560	400	1
3.334980	234	1
3.335940	149	1
3.339300	918	1
3.344940	215	1
3.345300	74	1
3.352380	494	1
3.354120	339	1
3.364320	458	1
3.366420	832	1
3.366660	426	1
3.370140	439	1
3.373860	218	1
3.377040	912	1
3.380280	118	0
3.391980	220	0
3.398640	15	1
3.401640	943	1
3.403980	602	1
3.404220	473	1
3.413700	435	1
3.414180	209	0
3.415980	336	1
3.416700	36	0
3.421800	251	1
3.424140	248	1
3.424440	430	1
3.425340	320	1
3.435720	101	0
3.436740	476	1
3.441600	709	1
3.443760	80	1
3.443880	467	1
3.456840	276	1
3.458520	226	1
3.460140	911	1
3.471060	62	1
3.471780	921	1
3.473760	449	1
3.476460	275	1
3.478680	419	1
3.479760	21	1
3.484260	944	1
3.504600	358	1
3.511920	264	1
3.519420	967	1
3.521220	29	1
3.532560	982	1
3.537660	406	1
3.538680	348	1
3.542040	472	1
3.543240	546	1
3.544020	415	1
3.553680	378	1
3.554100	220	0
3.554580	484	1
3.556020	417	1
3.559680	543	1
3.563760	853	1
3.566460	968	1
3.578460	861	1
3.578760	95	1
3.580680	447	1
3.583920	208	1
3.589440	118	0
3.589680	262	1
3.593220	983	1
3.593340	744	1
3.596520	766	1
3.606420	574	1
3.613380	305	1
3.615660	283	1
3.627240	573	1
3.632280	399	1
3.632340	637	1
3.633420	440	1
3.633960	933	1
3.639300	104	1
3.640740	463	1
3.643260	729	1
3.654300	606	1
3.662460	596	1
3.666600	931	1
3.666720	100	0
3.669660	764	1
3.670500	711	1
3.674400	324	1
3.677640	803	1
3.689040	25	1
3.695460	220	0
3.697500	924	1
3.703080	91	1
3.706740	313	1
3.708480	189	1
3.709440	510	1
3.710340	209	0
3.714480	318	1
3.718920	344	1
3.727020	292	1
3.732420	312	1
3.733740	955	1
3.734580	481	1
3.735600	615	1
3.736680	628	1
3.737640	806	1
3.743280	962	1
3.744780	790	1
3.748980	641	1
3.749160	558	1
3.757020	928	1
3.759900	44	1
3.761400	527	1
3.772020	660	1
3.773100	1008	1
3.788940	1006	1
3.789000	110	1
3.789300	195	1
3.790740	716	1
3.796620	692	1
3.798120	206	1
3.799620	464	1
3.804180	365	1
3.808860	412	1
3.811740	750	1
3.816000	375	1
3.824040	291	1
3.826260	720	1
3.832260	706	1
3.833580	607	1
3.836160	754	1
3.848100	114	1
3.851100	220	0
3.853740	735	1
3.853980	353	1
3.857280	705	1
3.867840	723	1
3.868320	730	1
3.874260	322	1
3.875760	157	1
3.875760	994	1
3.881700	570	1
3.883140	442	1
3.884640	408	1
3.885660	965	1
3.887100	646	1
3.892140	649	1
3.909660	148	1
3.911220	409	1
3.914760	446	1
3.916500	717	1
3.929940	151	1
3.931860	987	1
3.932700	892	1
3.934320	219	1
3.937680	101	0
3.937740	745	1
3.944940	971	1
3.948840	619	1
3.950640	337	1
3.953460	600	1
3.965940	765	1
3.969360	161	1
3.972120	192	1
3.972720	85	1
3.973440	819	1
3.979860	433	1
3.980880	263	1
3.983700	220	1
3.991320	561	1
4.007940	42	0
4.009800	201	1
4.011660	718	1
4.015680	604	1
4.016160	749	1
4.023420	220	0
4.025340	218	1
4.032300	81	1
4.035300	115	1
4.036200	458	1
4.036680	843	1
4.036800	676	1
4.037460	798	1
4.040700	738	1
4.042800	418	1
4.044900	55	1
4.046520	207	1
4.052700	865	1
4.056480	323	1
4.058820	308	1
4.062540	618	1
4.068600	673	1
4.069920	832	1
4.072500	949	1
4.075860	225	1
4.079280	289	1
4.080300	245	1
4.081740	586	1
4.086720	740	1
4.087680	248	1
4.092060	209	0
4.098000	83	1
4.104420	215	1
4.106100	793	1
4.107540	20	1
4.108860	302	1
4.110600	339	1
4.111320	640	1
4.113060	707	1
4.113420	836	1
4.115040	220	0
4.121580	36	0
4.122300	436	1
4.124760	801	1
4.126260	647	1
4.128840	963	1
4.133400	980	1
4.137900	247	1
4.138320	473	1
4.140360	257	1
4.144260	557	1
4.149840	805	1
4.151100	891	1
4.157640	118	0
4.160880	712	1
4.161780	751	1
4.166040	869	1
4.167780	156	1
4.168620	56	1
4.170060	627	1
4.176120	210	1
4.186560	149	1
4.189200	786	1
4.193280	744	1
4.195800	214	1
4.202160	144	1
4.202340	273	1
4.202820	312	1
4.207020	254	1
4.207740	536	1
4.213800	594	1
4.214460	684	1
4.216920	293	1
4.219380	689	1
4.221660	729	1
4.222380	359	1
4.223160	67	1
4.223400	630	1
4.226880	406	1
4.228140	967	1
4.231560	415	1
4.231560	820	1
4.231920	226	1
4.232400	821	1
4.233840	388	1
4.236900	220	0
4.239840	243	1
4.243620	748	1
4.250520	276	1
4.251900	711	1
4.254840	277	1
4.254900	173	1
4.255140	119	1
4.262520	61	0
4.268580	132	1
4.269600	426	1
4.271280	537	1
4.274160	264	1
4.279020	324	1
4.282740	701	1
4.284360	42	0
4.285800	298	1
4.295340	956	1
4.297800	861	1
4.300620	440	1
4.300800	64	0
4.303260	602	1
4.303920	789	1
4.305780	776	1
4.307220	702	1
4.308840	78	0
4.310040	306	1
4.312320	870	1
4.313520	343	1
4.317780	208	1
4.323540	342	1
4.327560	573	1
4.327620	90	0
4.330200	36	0
4.330980	167	1
4.332360	371	1
4.339200	984	1
4.341720	621	1
4.349520	57	0
4.349820	188	1
4.349820	778	1
4.352220	546	1
4.352460	795	1
4.353180	800	1
4.354560	606	1
4.356540	305	1
4.356900	709	1
4.357620	720	1
4.359120	410	1
4.360320	588	1
4.366200	383	1
4.374720	304	1
4.379820	224	1
4.381260	220	0
4.383240	494	1
4.383900	209	0
4.385040	172	1
4.386600	234	1
4.387800	376	1
4.389300	662	1
4.391040	449	1
4.393500	370	1
4.401060	597	1
4.401180	399	1
4.403760	574	1
4.405680	476	1
4.406880	638	1
4.407120	912	1
4.409820	261	1
4.412400	170	0
4.416720	118	0
4.424160	741	1
4.424460	398	1
4.428300	417	1
4.431840	943	1
4.437240	350	1
4.440540	386	1
4.441860	15	1
4.443780	962	1
4.444020	809	1
4.445040	271	1
4.446900	268	1
4.450980	295	1
4.453380	706	1
4.458420	101	0
4.463220	275	1
4.463760	811	1
4.465740	722	1
4.470180	223	1
4.474020	933	1
4.475160	86	0
4.476480	547	1
4.477920	336	1
4.481520	439	1
4.481640	764	1
4.483500	407	1
4.485840	968	1
4.488360	126	1
4.488720	596	1
4.489440	827	1
4.491960	766	1
4.493340	607	1
4.500600	213	1
4.507260	152	1
4.507440	544	1
4.507980	148	1
4.508760	692	1
4.509360	637	1
4.512120	220	0
4.512660	320	1
4.512960	114	1
4.513440	333	1
4.514580	421	1
4.519440	721	1
4.525680	290	1
4.530180	251	1
4.530480	464	1
4.537080	62	1
4.538220	197	1
4.551480	292	1
4.552260	944	1
4.553520	631	1
4.555440	660	1
4.556880	704	1
4.557240	400	1
4.557540	80	1
4.560480	747	1
4.563840	313	1
4.573020	262	1
4.574460	358	1
4.575360	723	1
4.578600	435	1
4.585680	284	1
4.585860	724	1
4.585920	705	1
4.587420	218	1
4.588620	337	1
4.593600	819	1
4.593780	438	1
4.595100	93	1
4.603380	87	0
4.618320	983	1
4.621020	663	1
4.627200	750	1
4.629000	98	0
4.633440	716	1
4.636800	100	0
4.645020	646	1
4.648500	641	1
4.650540	88	1
4.656780	209	0
4.658760	348	1
4.662420	774	1
4.662660	219	1
4.663860	802	1
4.665240	911	1
4.666080	600	1
4.667220	318	1
4.667280	790	1
4.675260	460	1
4.677960	806	1
4.678740	104	1
4.679940	419	1
4.680720	220	0
4.685280	484	1
4.687380	744	1
4.689480	95	1
4.691880	982	1
4.694220	408	1
4.697520	717	1
4.698960	53	0
4.701780	170	0
4.703340	729	1
4.704540	314	1
4.707300	57	1
4.708980	339	1
4.709340	994	1
4.712940	446	1
4.728720	853	1
4.731900	510	1
4.735860	793	1
4.741440	955	1
4.750620	527	1
4.752180	101	0
4.756800	291	1
4.762620	85	1
4.766160	735	1
4.767480	918	1
4.768500	118	0
4.769160	757	1
4.774740	321	1
4.774980	192	1
4.775160	754	1
4.779360	412	1
4.780680	91	1
4.782060	90	0
4.786140	677	1
4.789260	259	1
4.791360	987	1
4.794900	832	1
4.797960	157	1
4.799400	110	1
4.803060	720	1
4.804860	220	0
4.809660	843	1
4.811340	185	1
4.811460	74	1
4.819440	351	1
4.822260	749	1
4.833300	861	1
4.840260	442	1
4.848540	711	1
4.851720	470	1
4.854960	561	1
4.856760	209	0
4.858680	308	1
4.859760	458	1
4.861200	736	1
4.875780	457	1
4.882380	765	1
4.882560	931	1
4.892100	430	1
4.893120	248	1
4.906500	558	1
4.910100	406	1
4.915500	415	1
4.921500	440	1
4.922400	714	1
4.922940	467	1
4.927200	207	1
4.927440	283	1
4.933140	1022	1
4.934160	263	1
4.934940	473	1
4.939020	115	1
4.941840	55	1
4.943760	118	0
4.945380	543	1
4.954620	149	1
4.955280	347	1
4.964220	83	1
4.977960	257	1
4.978020	557	1
4.978860	276	1
4.979460	669	1
4.984680	967	1
4.986660	220	0
4.989360	215	1
4.989720	173	1
4.993140	36	0
4.997160	20	1
5.001240	1006	1
5.005140	29	1
5.007360	409	1
5.017680	628	1
5.018640	606	1
5.018820	803	1
5.029500	247	1
5.034480	25	1
5.042880	245	1
5.044260	1008	1
5.055360	586	1
5.059560	388	1
5.065800	101	0
5.069580	226	1
5.071080	456	1
5.072220	418	1
5.072760	264	1
5.076540	305	1
5.086560	312	1
5.087580	627	1
5.090640	546	1
5.090700	965	1
5.092920	801	1
5.095560	78	0
5.096940	615	1
5.107260	476	1
5.137080	730	1
5.141700	574	1
5.142000	64	0
5.143440	399	1
5.149980	676	1
5.153940	928	1
5.154240	924	1
5.157960	156	1
5.159040	206	1
5.159700	481	1
5.172000	289	1
5.172900	573	1
5.176860	962	1
5.180460	148	1
5.184960	324	1
5.187960	764	1
5.189880	114	1
5.193840	227	0
5.203920	220	0
5.204160	189	1
5.204880	706	1
5.208000	494	1
5.216340	337	1
5.219100	933	1
5.227800	805	1
5.228160	208	1
5.233560	707	1
5.240220	449	1
5.244360	118	0
5.266680	649	1
5.280600	42	0
5.288700	195	1
5.291340	426	1
5.295780	218	1
5.298420	744	1
5.300640	971	1
5.301480	464	1
5.307840	869	1
5.311200	214	1
5.320560	225	1
5.325840	602	1
5.327580	786	1
5.328360	720	1
5.330100	219	1
5.333160	210	1
5.342100	607	1
5.346300	209	0
5.353140	220	0
5.359140	723	1
5.373180	729	1
5.390880	892	1
5.411520	433	1
5.421960	21	1
5.426040	220	1
5.434980	912	1
5.435760	161	1
5.436120	439	1
5.437020	132	1
5.444640	336	1
5.445600	660	1
5.462100	201	1
5.463540	144	1
5.465160	630	1
5.467560	619	1
5.481000	673	1
5.483820	600	1
5.484360	62	1
5.486400	339	1
5.494380	292	1
5.509200	408	1
5.510520	151	1
5.517600	968	1
5.522880	994	1
5.530860	172	1
5.545020	865	1
5.550420	717	1
5.555880	711	1
5.559840	220	0
5.560020	42	0
5.568540	640	1
5.570160	692	1
5.578080	870	1
5.585940	716	1
5.592480	67	1
5.600520	955	1
5.612940	637	1
5.620800	646	1
5.625000	987	1
5.629200	618	1
5.631720	596	1
5.635800	486	1
5.636520	766	1
5.638740	406	1
5.639460	415	1
5.641500	709	1
5.641680	738	1
5.649300	832	1
5.654820	350	1
5.655180	949	1
5.656620	254	1
5.657220	85	1
5.659320	604	1
5.660460	790	1
5.665920	110	1
5.665920	705	1
5.671920	15	1
5.673000	843	1
5.674200	819	1
5.674920	750	1
5.677560	641	1
5.678460	749	1
5.681880	386	1
5.682360	209	0
5.683440	440	1
5.685660	220	0
5.688060	983	1
5.689740	621	1
5.692020	701	1
5.695500	793	1
5.699400	944	1
5.701680	170	0
5.704080	473	1
5.707860	149	1
5.708340	606	1
5.712060	95	1
5.713200	647	1
5.713200	820	1
5.724240	967	1
5.727240	740	1
5.731560	248	1
5.739120	806	1
5.742600	984	1
5.745000	720	1
5.748960	861	1
5.754840	215	1
5.760300	157	1
5.760480	115	1
5.767980	36	0
5.770080	821	1
5.777220	943	1
5.779740	55	1
5.790000	627	1
5.792940	104	1
5.793600	801	1
5.796180	192	1
5.798160	662	1
5.805240	735	1
5.809380	712	1
5.811060	744	1
5.812620	446	1
5.813100	276	1
5.817780	597	1
5.818260	220	0
5.820900	305	1
5.821440	827	1
5.821560	795	1
5.829420	570	1
5.832360	561	1
5.832480	798	1
5.838480	376	1
5.841360	91	1
5.841540	20	1
5.845440	148	1
5.845440	729	1
5.852520	412	1
5.853360	83	1
5.854500	765	1
5.862900	706	1
5.871900	778	1
5.872380	126	1
5.874000	407	1
5.874360	371	1
5.880540	663	1
5.882700	56	1
5.885160	458	1
5.892900	484	1
5.893440	400	1
5.894220	114	1
5.895780	101	0
5.896200	264	1
5.896560	251	1
5.896920	754	1
5.897340	836	1
5.902560	173	1
5.903700	956	1
5.911020	594	1
5.912520	207	1
5.913060	718	1
5.913060	911	1
5.914080	921	1
5.916960	197	1
5.920440	800	1
5.920740	891	1
5.924280	119	1
5.925060	786	1
5.926980	574	1
5.928600	557	1
5.931000	982	1
5.931540	684	1
5.933160	573	1
5.933820	80	1
5.935260	980	1
5.937120	748	1
5.940420	220	0
5.940840	118	0
5.944800	546	1
5.945820	430	1
5.946660	853	1
5.953440	962	1
5.953980	811	1
5.962020	42	0
5.967000	337	1
5.968140	918	1
5.972220	29	1
5.979840	933	1
5.980200	263	1
5.980560	702	1
5.981940	245	1
5.986380	318	1
5.986500	747	1
5.986680	764	1
5.987520	399	1
5.989800	536	1
5.991780	676	1
5.992380	889	1
5.999340	209	0
6.001860	257	1
6.003900	904	1
6.005640	183	0
6.005820	745	1
6.006480	93	1
6.007200	789	1
6.009000	358	1
6.009840	388	1
6.016860	966	1
6.023160	218	1
6.028560	410	1
6.029220	324	1
6.029220	751	1
6.030660	868	1
6.032640	231	0
6.034200	234	1
6.034920	271	1
6.042720	219	1
6.044820	220	0
6.047940	156	1
6.049320	757	1
6.051780	275	1
6.055620	928	1
6.057360	247	1
6.060780	809	1
6.062580	262	1
6.065340	442	1
6.067740	543	1
6.069180	273	1
6.075720	931	1
6.080160	320	1
6.087840	698	1
6.094500	711	1
6.097260	588	1
6.097500	227	0
6.098040	167	1
6.102420	883	1
6.104160	723	1
6.104460	803	1
6.106260	607	1
6.111060	1006	1
6.111540	226	1
6.111960	290	1
6.113220	721	1
6.115260	323	1
6.117720	802	1
6.118200	586	1
6.118860	60	0
6.119460	339	1
6.125400	776	1
6.128820	426	1
6.131400	741	1
6.132480	417	1
6.135480	464	1
6.144120	298	1
6.147300	118	0
6.147660	814	1
6.148080	409	1
6.151200	308	1
6.152400	494	1
6.153240	476	1
6.153720	313	1
6.155700	547	1
6.160020	152	1
6.160620	277	1
6.162780	660	1
6.163620	206	1
6.163620	220	0
6.164820	722	1
6.166260	761	1
6.169620	837	1
6.170160	881	1
6.171000	847	1
6.174660	398	1
6.174900	348	1
6.176340	284	1
6.176400	965	1
6.178740	717	1
6.181260	342	1
6.184560	600	1
6.186660	61	0
6.187260	68	0
6.188940	213	1
6.189000	209	0
6.189720	90	0
6.189780	73	0
6.190200	312	1
6.190800	510	1
6.192540	774	1
6.197460	283	1
6.199200	304	1
6.201660	418	1
6.203340	1008	1
6.205080	805	1
6.205200	291	1
6.207420	467	1
6.210780	81	0
6.211320	537	1
6.212400	456	1
6.212580	720	1
6.212880	704	1
6.216840	295	1
6.218820	677	1
6.220680	289	1
6.221580	435	1
6.221880	183	0
6.223140	406	1
6.223680	336	1
6.227040	408	1
6.229920	62	0
6.230220	223	1
6.232740	101	0
6.235020	81	1
6.235020	383	1
6.239400	449	1
6.239460	415	1
6.248760	392	1
6.251520	628	1
6.252060	602	1
6.252060	114	0
6.256500	225	1
6.260700	353	1
6.267600	855	1
6.269220	333	1
6.271200	689	1
6.272940	439	1
6.274440	98	0
6.281400	93	0
6.284880	322	1
6.285720	527	1
6.287280	832	1
6.295560	460	1
6.298020	118	0
6.298800	208	1
6.302700	438	1
6.303180	90	0
6.307440	286	1
6.307500	144	1
6.312060	470	1
6.318120	220	0
6.318660	189	1
6.319800	843	1
6.322140	259	1
6.322380	421	1
6.322380	615	1
6.328740	472	1
6.329640	431	1
6.330360	994	1
6.332460	558	1
6.333060	440	1
6.337020	293	1
6.347160	730	1
6.348960	419	1
6.350760	512	1
6.351360	793	1
6.364200	106	0
6.365100	963	1
6.366360	669	1
6.367140	436	1
6.367320	243	1
6.367920	292	1
6.370920	544	1
6.372840	652	1
6.376320	57	0
6.379200	210	1
6.379500	869	1
6.380760	606	1
6.382860	306	1
6.384060	314	1
6.386880	744	1
6.393600	987	1
6.397860	88	1
6.401520	351	1
6.402360	209	0
6.404520	62	1
6.408840	433	1
6.409920	844	1
6.417900	101	0
6.417960	870	1
6.418020	716	1
6.425400	857	1
6.427500	214	1
6.427560	446	1
6.429300	149	1
6.430080	955	1
6.431100	386	1
6.432600	347	1
6.432720	148	1
6.433140	861	1
6.435960	729	1
6.445140	248	1
6.445380	224	1
6.447180	220	0
6.450120	542	1
6.450600	215	1
6.453780	268	1
6.463020	640	1
6.468240	64	0
6.468840	766	1
6.471120	458	1
6.474000	482	1
6.477720	692	1
6.478500	749	1
6.484380	709	1
6.492360	276	1
6.492720	195	1
6.494940	967	1
6.496440	819	1
6.506760	301	1
6.508920	305	1
6.510900	161	1
6.511260	302	1
6.511800	110	1
6.515460	707	1
6.517080	350	1
6.518160	706	1
6.518820	453	1
6.522000	473	1
6.523140	36	0
6.524400	466	1
6.525060	261	1
6.530400	968	1
6.532560	912	1
6.536760	172	1
6.539520	705	1
6.559680	72	1
6.561300	500	1
6.563640	750	1
6.565200	114	1
6.568800	630	1
6.569220	477	1
6.573840	74	1
6.573900	376	1
6.579420	790	1
6.581880	649	1
6.582120	85	1
6.586500	337	1
6.591840	962	1
6.593220	711	1
6.594120	646	1
6.598560	486	1
6.598740	344	1
6.602340	708	1
6.603720	450	1
6.606660	484	1
6.609720	365	1
6.611340	220	1
6.611400	263	1
6.618660	95	1
6.620820	407	1
6.622440	546	1
6.625380	218	1
6.627420	84	1
6.630660	78	0
6.633180	115	1
6.639720	55	1
6.641940	67	1
6.647280	637	1
6.647640	673	1
6.648360	157	1
6.650280	720	1
6.651900	118	0
6.654360	201	1
6.655500	924	1
6.657360	254	1
6.658620	57	1
6.662760	343	1
6.670200	192	1
6.676200	574	1
6.680700	220	0
6.680760	596	1
6.687180	738	1
6.689040	619	1
6.697380	627	1
6.698880	806	1
6.699360	654	1
6.700620	20	1
6.704880	25	1
6.705900	91	1
6.706260	561	1
6.706680	324	1
6.708300	132	1
6.711120	151	1
6.711540	801	1
6.713940	209	0
6.720540	219	1
6.724140	264	1
6.728580	334	1
6.729480	457	1
6.730140	943	1
6.735600	971	1
6.735780	83	1
6.740280	122	1
6.742260	557	1
6.742860	573	1
6.743040	699	1
6.746100	36	0
6.749220	42	0
6.756540	983	1
6.764340	463	1
6.774180	621	1
6.774540	399	1
6.775440	339	1
6.785880	607	1
6.788100	104	1
6.792960	406	1
6.799020	173	1
6.813840	207	1
6.815820	32	1
6.817380	412	1
6.818820	933	1
6.819480	600	1
6.820920	944	1
6.823500	701	1
6.829320	440	1
6.830280	93	1
6.831660	29	1
6.840900	170	0
6.841680	464	1
6.845220	371	1
6.846840	220	0
6.849480	447	1
6.871320	245	1
6.873240	765	1
6.873900	865	1
6.874560	257	1
6.886200	764	1
6.893160	965	1
6.894600	984	1
6.900780	723	1
6.906300	717	1
6.910740	15	1
6.911940	80	1
6.914580	606	1
6.931020	400	1
6.931320	641	1
6.933900	415	1
6.934680	892	1
6.941520	735	1
6.974340	156	1
6.975360	786	1
6.976500	312	1
6.978360	220	0
6.990660	101	0
6.990960	663	1
6.991560	832	1
6.994800	426	1
7.009200	39	0
7.012920	251	1
7.022640	494	1
7.024620	209	0
7.037460	481	1
7.037760	408	1
7.054200	660	1
7.057560	185	1
7.061820	118	0
7.070040	430	1
7.070160	388	1
7.075620	56	1
7.075740	949	1
7.086420	729	1
7.089420	744	1
7.091640	247	1
7.095600	843	1
7.102080	148	1
7.108920	805	1
7.109280	706	1
7.115580	982	1
7.123980	911	1
7.135140	1022	1
7.139580	647	1
7.139820	754	1
7.141320	262	1
7.142400	220	0
7.160580	602	1
7.164840	955	1
7.190460	994	1
7.190580	720	1
7.200300	853	1
7.206060	226	1
7.210020	149	1
7.222380	442	1
7.225140	821	1
7.231800	962	1
7.233540	711	1
7.238580	967	1
7.241040	718	1
7.251420	793	1
7.255980	449	1
7.263060	248	1
7.264380	861	1
7.271340	987	1
7.271700	439	1
7.274580	604	1
7.276800	215	1
7.287360	918	1
7.289100	692	1
7.289640	129	1
7.292820	446	1
7.297500	418	1
7.298400	409	1
7.306440	220	0
7.306560	114	1
7.319100	870	1
7.326720	101	0
7.326720	209	0
7.326780	292	1
7.338780	798	1
7.345380	234	1
7.367220	740	1
7.369440	1006	1
7.371180	206	1
7.376340	218	1
7.388220	558	1
7.393020	931	1
7.399320	980	1
7.401180	586	1
7.403820	118	0
7.409460	819	1
7.412220	510	1
7.419840	458	1
7.420740	275	1
7.422540	337	1
7.423380	473	1
7.429080	749	1
7.437720	968	1
7.438200	630	1
7.439640	220	0
7.442460	62	1
7.443840	208	1
7.452120	276	1
7.452120	1008	1
7.456800	778	1
7.461360	21	1
7.469040	705	1
7.476600	527	1
7.480260	219	1
7.483440	192	1
7.485840	157	1
7.488180	966	1
7.493820	305	1
7.497600	283	1
7.500300	484	1
7.503360	928	1
7.504800	536	1
7.506840	574	1
7.513860	615	1
7.517460	891	1
7.519980	189	1
7.521300	766	1
7.528020	55	1
7.528920	803	1
7.530060	646	1
7.533000	85	1
7.533240	225	1
7.540320	543	1
7.550280	324	1
7.555920	336	1
7.556340	573	1
7.563660	115	1
7.564020	606	1
7.566240	933	1
7.567680	716	1
7.569240	291	1
7.574220	264	1
7.574580	546	1
7.575720	607	1
7.583700	717	1
7.586460	820	1
7.586520	118	0
7.590240	406	1
7.593120	676	1
7.599180	20	1
7.602060	289	1
7.604700	220	0
7.604760	912	1
7.605960	744	1
7.612020	736	1
7.616400	790	1
7.621740	95	1
7.623960	440	1
7.629120	596	1
7.633080	627	1
7.633680	83	1
7.636440	110	1
7.637640	570	1
7.638960	195	1
7.639500	836	1
7.641360	339	1
7.643460	144	1
7.647120	637	1
7.647180	210	1
7.659120	709	1
7.659600	64	0
7.662960	209	0
7.663200	415	1
7.663680	764	1
7.670040	806	1
7.672620	407	1
7.674360	207	1
7.675260	214	1
7.676580	263	1
7.676640	561	1
7.677120	312	1
7.678800	36	0
7.678980	132	1
7.680360	320	1
7.688280	464	1
7.692420	729	1
7.694820	399	1
7.700820	148	1
7.701480	220	1
7.701480	557	1
7.702860	628	1
7.711740	547	1
7.712820	832	1
7.713780	723	1
7.716900	720	1
7.718100	750	1
7.725600	350	1
7.726020	172	1
7.726680	119	1
7.727640	600	1
7.736220	273	1
7.737600	640	1
7.740960	376	1
7.744200	619	1
7.744980	795	1
7.745100	220	0
7.752060	476	1
7.752540	104	1
7.758780	730	1
7.760040	223	1
7.765020	313	1
7.765200	649	1
7.765260	42	0
7.770660	706	1
7.773060	25	1
7.775520	398	1
7.780560	245	1
7.787040	537	1
7.795320	386	1
7.796160	358	1
7.797780	983	1
7.797840	29	1
7.804320	408	1
7.809540	290	1
7.810980	735	1
7.817220	257	1
7.818300	348	1
7.830720	594	1
7.831140	467	1
7.838160	152	1
7.838580	602	1
7.840020	91	1
7.840020	711	1
7.840200	383	1
7.840440	156	1
7.841640	318	1
7.847100	161	1
7.853340	323	1
7.862820	295	1
7.862940	738	1
7.863000	114	1
7.863360	793	1
7.865400	673	1
7.869180	588	1
7.871160	801	1
7.876200	388	1
7.876200	417	1
7.876860	215	1
7.878240	412	1
7.880160	201	1
7.883100	170	0
7.889040	226	1
7.889040	371	1
7.891620	298	1
7.895580	173	1
7.899720	101	0
7.903740	344	1
7.903980	353	1
7.904340	39	0
7.905240	98	0
7.906860	308	1
7.908780	304	1
7.915380	663	1
7.915740	90	0
7.921080	277	1
7.926660	660	1
7.926900	621	1
7.926960	786	1
7.927380	365	1
7.929300	421	1
7.930260	342	1
7.934520	247	1
7.934700	80	1
7.938300	641	1
7.945980	86	0
7.946700	36	0
7.947000	220	0
7.947300	722	1
7.953300	259	1
7.954140	544	1
7.957140	333	1
7.957320	618	1
7.958400	248	1
7.959120	67	1
7.962420	494	1
7.962600	473	1
7.965360	271	1
7.966440	78	0
7.972680	218	1
7.973760	426	1
7.977060	306	1
7.983780	81	0
7.985280	704	1
7.985520	843	1
7.987080	944	1
8.000340	93	1
8.012040	61	0
8.013420	805	1
8.016840	262	1
8.020140	322	1
8.024220	243	1
8.032980	293	1
8.034360	321	1
8.034840	433	1
8.035620	276	1
8.036220	268	1
8.040180	542	1
8.042700	439	1
8.045820	314	1
8.046300	745	1
8.051640	827	1
8.054160	861	1
8.054940	869	1
8.055000	965	1
8.060100	209	0
8.065140	254	1
8.067000	765	1
8.070000	967	1
8.071140	662	1
8.074800	994	1
8.078640	754	1
8.078640	943	1
8.079180	220	0
8.085840	167	1
8.087160	597	1
8.087220	701	1
8.090640	284	1
8.092320	101	0
8.094300	90	0
8.094480	449	1
8.095740	707	1
8.096760	446	1
8.098320	460	1
8.099520	88	1
8.100060	351	1
8.106480	692	1
8.107680	962	1
8.111640	151	1
8.113680	955	1
8.120280	712	1
8.123460	208	1
8.127300	334	1
8.133240	800	1
8.136720	603	1
8.137920	149	1
8.142240	865	1
8.147700	118	0
8.150700	435	1
8.151540	213	1
8.156880	987	1
8.160360	458	1
8.162880	757	1
8.167620	261	1
8.172240	472	1
8.173020	292	1
8.177520	305	1
8.188320	821	1
8.188560	400	1
8.190540	486	1
8.191380	220	0
8.192280	64	0
8.194080	36	0
8.196240	219	1
8.204640	744	1
8.213460	720	1
8.217720	337	1
8.227020	924	1
8.231100	729	1
8.232480	339	1
8.256780	15	1
8.258640	717	1
8.262060	819	1
8.262240	57	1
8.262660	343	1
8.266440	57	0
8.267520	419	1
8.281620	971	1
8.288520	286	1
8.305560	148	1
8.307300	573	1
8.311800	853	1
8.311980	512	1
8.320440	336	1
8.320680	982	1
8.320980	892	1
8.333700	809	1
8.336760	85	1
8.337900	406	1
8.342580	889	1
8.343000	74	1
8.343540	217	1
8.346180	430	1
8.347740	442	1
8.351220	251	1
8.352960	870	1
8.353860	440	1
8.354640	574	1
8.355240	606	1
8.359260	220	0
8.362320	264	1
8.362620	646	1
8.368860	749	1
8.369820	933	1
8.372820	312	1
8.372880	963	1
8.377740	192	1
8.386260	415	1
8.404500	723	1
8.405220	706	1
8.407680	118	0
8.411220	484	1
8.415720	714	1
8.415960	764	1
8.418240	62	1
8.421480	527	1
8.421780	510	1
8.425020	418	1
8.425320	324	1
8.427480	409	1
8.429520	209	0
8.433780	157	1
8.434440	918	1
8.443260	911	1
8.450640	904	1
8.452200	1006	1
8.453760	931	1
8.454420	55	1
8.470680	968	1
8.476320	220	0
8.477100	711	1
8.479860	399	1
8.484300	546	1
8.488860	832	1
8.489940	980	1
8.492340	115	1
8.501640	984	1
8.506440	1008	1
8.511900	586	1
8.520120	20	1
8.523120	83	1
8.529960	44	1
8.536140	949	1
8.538000	600	1
8.549640	408	1
8.554740	464	1
8.556660	921	1
8.562420	630	1
8.564520	627	1
8.571180	928	1
8.575560	883	1
8.578440	95	1
8.579160	114	1
8.584680	607	1
8.593020	793	1
8.594640	766	1
8.603280	476	1
8.606160	718	1
8.608860	790	1
8.609280	220	0
8.615700	716	1
8.618280	407	1
8.618460	561	1
8.629560	705	1
8.633400	640	1
8.635500	104	1
8.635800	925	1
8.637780	209	0
8.640180	275	1
8.645220	248	1
8.645880	912	1
8.647200	206	1
8.658180	214	1
8.659320	56	1
8.660520	557	1
8.661480	235	0
8.662320	967	1
8.663700	966	1
8.665560	215	1
8.675880	291	1
8.697060	231	0
8.699580	983	1
8.702940	637	1
8.705640	91	1
8.708580	473	1
8.711340	596	1
8.711400	744	1
8.715000	602	1
8.727180	189	1
8.739900	604	1
8.745480	207	1
8.750460	218	1
8.751240	543	1
8.752080	245	1
8.755680	219	1
8.757180	36	0
8.762760	388	1
8.765520	778	1
8.776380	283	1
8.783820	110	1
8.789040	226	1
8.791560	881	1
8.794440	729	1
8.796240	750	1
8.800140	861	1
8.803440	220	0
8.805540	615	1
8.806860	676	1
8.813160	720	1
8.814300	263	1
8.824440	156	1
8.825040	426	1
8.839740	994	1
8.840880	225	1
8.844120	735	1
8.845620	641	1
8.849760	558	1
8.852760	377	1
8.857440	257	1
8.859600	843	1
8.862360	289	1
8.862720	29	1
8.865900	660	1
8.867280	494	1
8.871000	855	1
8.885160	132	1
8.886840	61	0
8.894280	795	1
8.925000	536	1
8.925900	247	1
8.931360	148	1
8.931900	173	1
8.932020	798	1
8.937780	195	1
8.940840	836	1
8.941920	962	1
8.942520	570	1
8.944080	144	1
8.952180	172	1
8.952360	412	1
8.953020	81	1
8.955060	290	1
8.956920	119	1
8.957760	594	1
8.960940	786	1
8.963340	337	1
8.968500	891	1
8.969220	210	1
8.971380	987	1
8.971920	42	0
8.974200	220	0
8.978760	234	1
8.985960	276	1
8.987280	606	1
8.988960	149	1
8.990820	663	1
8.998140	806	1
8.998980	305	1
9.004320	350	1
9.016080	406	1
9.019260	220	1
9.021240	292	1
9.027960	868	1
9.028260	208	1
9.030060	209	0
9.033060	709	1
9.037380	386	1
9.040440	738	1
9.041460	458	1
9.047160	324	1
9.051300	339	1
9.054840	57	0
9.054960	36	0
9.061200	819	1
9.061620	302	1
9.061980	692	1
9.062460	201	1
9.071640	161	1
9.084720	801	1
9.088440	740	1
9.089460	717	1
9.090000	440	1
9.090780	64	0
9.091800	706	1
9.091860	573	1
9.098460	118	0
9.100080	711	1
9.105000	84	1
9.109620	80	1
9.113220	320	1
9.115800	277	1
9.120240	955	1
9.121140	803	1
9.124980	312	1
9.126960	415	1
9.127620	933	1
9.128280	628	1
9.134340	67	1
9.138840	264	1
9.150180	832	1
9.151800	114	1
9.155820	730	1
9.155880	417	1
9.158460	220	0
9.160020	805	1
9.164040	869	1
9.164940	749	1
9.174240	371	1
9.177360	209	0
9.181080	446	1
9.183900	754	1
9.185040	723	1
9.186540	649	1
9.188220	588	1
9.193080	399	1
9.198000	619	1
9.204660	574	1
9.207360	101	0
9.211260	262	1
9.212940	439	1
9.215040	621	1
9.215760	712	1
9.216720	342	1
9.218280	90	0
9.220140	764	1
9.226800	647	1
9.231780	376	1
9.232980	720	1
9.239820	344	1
9.244800	365	1
9.246540	793	1
9.253620	85	1
9.256320	467	1
9.256860	600	1
9.258480	646	1
9.260760	93	1
9.271200	744	1
9.273420	183	0
9.273540	537	1
9.276420	271	1
9.279060	55	1
9.282300	313	1
9.283620	148	0
9.284400	729	1
9.285120	353	1
9.288600	449	1
9.290580	765	1
9.296820	336	1
9.303060	546	1
9.303420	192	1
9.308700	943	1
9.318660	865	1
9.319320	118	0
9.323520	944	1
9.325080	547	1
9.326160	745	1
9.330960	273	1
9.335100	220	0
9.343680	83	1
9.346020	618	1
9.351720	115	1
9.358140	484	1
9.359100	965	1
9.363240	122	1
9.369960	561	1
9.371700	308	1
9.376080	20	1
9.379980	392	1
9.383880	62	1
9.390900	673	1
9.394920	607	1
9.395880	25	1
9.400020	400	1
9.403980	157	1
9.408000	464	1
9.408120	215	1
9.414240	967	1
9.414420	857	1
9.416760	800	1
9.416880	701	1
9.418500	627	1
9.429480	248	1
9.430200	306	1
9.447420	630	1
9.448620	348	1
9.449280	510	1
9.449400	421	1
9.449400	631	1
9.451200	827	1
9.452220	408	1
9.461820	318	1
9.462360	323	1
9.464460	684	1
9.464940	716	1
9.472020	821	1
9.482580	527	1
9.483000	820	1
9.484740	220	0
9.486420	789	1
9.492600	95	1
9.492720	218	1
9.502320	104	1
9.505740	90	0
9.506520	304	1
9.512400	251	1
9.516300	219	1
9.524460	596	1
9.524760	640	1
9.528600	597	1
9.529860	968	1
9.531240	705	1
9.535260	32	1
9.536460	21	1
9.537660	982	1
9.538920	853	1
9.545160	766	1
9.552540	442	1
9.553260	870	1
9.553980	15	1
9.562080	358	1
9.563640	861	1
9.566520	473	1
9.572220	544	1
9.578280	36	0
9.581040	453	1
9.588300	790	1
9.588480	418	1
9.594180	586	1
9.596880	407	1
9.601020	460	1
9.601920	148	1
9.602280	637	1
9.602700	557	1
9.603060	409	1
9.603240	388	1
9.604380	284	1
9.614340	298	1
9.618660	406	1
9.621300	167	1
9.625200	147	0
9.627300	602	1
9.627600	606	1
9.627660	918	1
9.629760	430	1
9.633720	209	0
9.635100	433	1
9.643140	398	1
9.643980	220	0
9.645000	207	1
9.647220	983	1
9.651180	257	1
9.658320	101	0
9.662640	844	1
9.663300	276	1
9.664140	339	1
9.666720	245	1
9.668880	718	1
9.675240	118	0
9.683400	91	1
9.689760	426	1
9.690840	440	1
9.701820	476	1
9.711060	415	1
9.714540	343	1
9.715440	786	1
9.716460	151	1
9.718140	213	1
9.724320	711	1
9.725040	924	1
9.727920	275	1
9.729600	911	1
9.730680	247	1
9.738540	214	1
9.739020	263	1
9.739860	676	1
9.746520	652	1
9.762900	994	1
9.765900	750	1
9.770280	962	1
9.771000	843	1
9.774120	305	1
9.774420	931	1
9.776580	324	1
9.777060	641	1
9.778980	337	1
9.779220	383	1
9.783780	110	1
9.795840	226	1
9.797460	220	0
9.799740	292	1
9.806220	971	1
9.808380	706	1
9.810000	494	1
9.812460	660	1
9.814800	42	0
9.821100	156	1
9.823020	720	1
9.831360	1006	1
9.838080	412	1
9.843120	1008	1
9.846300	912	1
9.846600	987	1
9.851040	189	1
9.851940	481	1
9.853200	819	1
9.858420	984	1
9.859020	486	1
9.862440	264	1
9.864000	933	1
9.867660	892	1
9.871080	149	1
9.871500	744	1
9.879180	573	1
9.879300	254	1
9.883560	729	1
9.886140	333	1
9.891780	351	1
9.893580	114	1
9.899100	220	0
9.904140	707	1
9.907800	291	1
9.910560	173	1
9.913020	558	1
9.913320	963	1
9.914940	289	1
9.915480	435	1
9.928560	717	1
9.934140	64	0
9.938640	928	1
9.941460	692	1
9.943800	375	1
9.946080	101	0
9.947400	457	1
9.947460	312	1
9.948360	832	1
9.949740	458	1
9.952500	399	1
9.956820	295	1
9.962760	209	0
9.964020	723	1
9.964680	615	1
9.971820	36	0
9.973140	749	1
9.976860	446	1
9.986460	293	1
9.987120	722	1
9.992760	966	1
9.998460	225	1
9.999840	208	1
10.001580	195	1
10.005600	386	1
10.007280	283	1
10.009140	144	1
10.011180	210	1
10.013580	809	1
10.022040	220	0
10.026960	793	1
10.029600	118	0
10.033140	152	1
10.034520	57	0
10.034940	206	1
10.049580	371	1
10.052040	699	1
10.065180	949	1
10.067640	546	1
10.070460	764	1
10.072860	738	1
10.075860	709	1
10.076940	259	1
10.080240	965	1
10.085700	172	1
10.092120	955	1
10.095480	735	1
10.101180	218	1
10.102740	801	1
10.102980	967	1
10.112220	754	1
10.112700	268	1
10.116600	795	1
10.120320	320	1
10.126920	215	1
10.129020	662	1
10.140180	219	1
10.140840	192	1
10.141560	574	1
10.142760	42	0
10.147440	805	1
10.152060	798	1
10.163760	342	1
10.170780	431	1
10.171560	220	1
10.171860	646	1
10.177740	600	1
10.180920	806	1
10.187280	220	0
10.189860	234	1
10.191060	417	1
10.195260	869	1
10.195680	712	1
10.199880	778	1
10.200540	148	1
10.201620	85	1
10.212540	115	1
10.214160	55	1
10.217220	248	1
10.253040	62	1
10.254480	336	1
10.258080	891	1
10.269120	20	1
10.275840	132	1
10.282680	209	0
10.290000	29	1
10.290180	83	1
10.291020	101	0
10.292040	322	1
10.293540	464	1
10.294560	119	1
10.303980	619	1
10.307940	201	1
10.309140	350	1
10.310700	607	1
10.311840	765	1
10.313400	439	1
10.317720	88	1
10.322760	606	1
10.328280	290	1
10.331040	223	1
10.334040	861	1
10.334940	711	1
10.344300	56	1
10.344540	705	1
10.345440	720	1
10.357260	473	1
10.360860	161	1
10.362840	80	1
10.364340	561	1
10.377120	95	1
10.381320	57	1
10.382220	543	1
10.385760	406	1
10.388580	157	1
10.391580	257	1
10.397820	67	1
10.400040	104	1
10.401780	740	1
10.406700	376	1
10.414200	220	0
10.416960	408	1
10.427160	308	1
10.433820	736	1
10.434780	114	1
10.436220	968	1
10.439100	415	1
10.440960	943	1
10.441020	729	1
10.442340	36	0
10.445040	118	0
10.448640	627	1
10.448820	440	1
10.453380	271	1
10.456560	313	1
10.462020	716	1
10.462620	245	1
10.466760	484	1
10.470720	836	1
10.474020	730	1
10.476540	744	1
10.483140	663	1
10.484400	344	1
10.490340	251	1
10.502100	1022	1
10.502460	305	1
10.503060	847	1
10.511760	72	1
10.515180	276	1
10.521900	339	1
10.522980	44	1
10.527300	706	1
10.528680	962	1
10.530120	262	1
10.536120	149	1
10.536480	263	1
10.540920	449	1
10.544940	602	1
10.545420	93	1
10.547700	628	1
10.551120	604	1
10.553520	596	1
10.555620	630	1
10.556880	324	1
10.557060	557	1
10.567020	277	1
10.567560	337	1
10.578660	207	1
10.580760	81	1
10.581660	91	1
10.587300	904	1
10.588080	647	1
10.588500	621	1
10.593360	944	1
10.594020	147	0
10.596780	15	1
10.600620	865	1
10.605360	790	1
10.607280	78	0
10.608060	717	1
10.615500	318	1
10.616160	220	0
10.617900	388	1
10.629060	570	1
10.633080	637	1
10.633260	264	1
10.635000	247	1
10.638840	640	1
10.646580	983	1
10.647840	467	1
10.649640	510	1
10.655760	209	0
10.656900	766	1
10.658280	426	1
10.662060	832	1
10.665780	586	1
10.667340	660	1
10.681200	982	1
10.686600	701	1
10.691580	151	0
10.691820	261	1
10.698840	723	1
10.703820	641	1
10.705980	749	1
10.708320	994	1
10.709580	353	1
10.716960	750	1
10.717860	275	1
10.718520	793	1
10.730280	803	1
10.730520	573	1
10.731900	220	0
10.733340	786	1
10.745820	409	1
10.749480	649	1
10.754880	819	1
10.755780	214	1
10.758660	400	1
10.759560	314	1
10.761000	889	1
10.761240	933	1
10.768740	720	1
10.770720	110	1
10.770720	987	1
10.771020	358	1
10.771860	527	1
10.773360	476	1
10.776840	618	1
10.780740	843	1
10.784220	442	1
10.787820	273	1
10.789920	870	1
10.791540	25	1
10.792380	218	1
10.804200	348	1
10.809360	292	1
10.811100	418	1
10.813020	209	0
10.815120	156	1
10.817520	718	1
10.819320	536	1
10.827240	494	1
10.833540	921	1
10.834740	312	1
10.837920	399	1
10.839120	800	1
10.842600	821	1
10.843560	206	1
10.844400	967	1
10.847640	692	1
10.848600	220	0
10.851480	219	1
10.852320	118	0
10.853460	597	1
10.854660	291	1
10.859100	853	1
10.862400	764	1
10.872300	148	1
10.875960	226	1
10.890960	446	1
10.893180	827	1
10.901340	801	1
10.903680	412	1
10.906080	101	0
10.911480	192	1
10.913400	225	1
10.919580	215	1
10.922580	918	1
10.928400	606	1
10.932120	911	1
10.936260	248	1
10.944420	458	1
10.947960	433	1
10.954380	173	1
10.956540	676	1
10.959480	546	1
10.960080	464	1
10.961760	220	0
10.962120	984	1
10.963260	289	1
10.966380	151	1
10.974360	32	1
10.975140	558	1
10.978260	42	0
10.978380	673	1
10.979880	1006	1
10.983720	729	1
10.987860	243	1
10.991220	304	1
10.996500	537	1
10.996560	365	1
11.001180	61	0
11.003580	254	1
11.010840	383	1
11.017020	36	0
11.019000	574	1
11.019780	711	1
11.023860	646	1
11.030280	861	1
11.039700	547	1
11.039940	55	1
11.040240	415	1
11.045820	189	1
11.047740	407	1
11.055540	85	1
11.059440	224	1
11.065620	430	1
11.069220	931	1
11.081460	795	1
11.081580	738	1
11.081640	208	1
11.082180	406	1
11.089620	744	1
11.089680	883	1
11.093040	293	1
11.102640	1008	1
11.106840	276	1
11.111580	210	1
11.119140	709	1
11.119620	115	1
11.119620	257	1
11.121840	615	1
11.122560	912	1
11.123400	220	0
11.123520	195	1
11.126820	440	1
11.129880	298	1
11.131200	805	1
11.135460	928	1
11.136300	20	1
11.138640	398	1
11.144040	594	1
11.144160	417	1
11.150040	114	1
11.157360	57	0
11.159880	473	1
11.163540	321	1
11.164680	83	1
11.171040	627	1
11.180160	371	1
11.189460	561	1
11.190720	966	1
11.192160	209	0
11.192820	342	1
11.193120	324	1
11.194680	302	1
11.196480	323	1
11.203620	924	1
11.208600	806	1
11.211060	706	1
11.211720	439	1
11.212740	101	0
11.236800	754	1
11.239560	486	1
11.245500	305	1
11.245860	29	1
11.249220	283	1
11.253720	965	1
11.255760	798	1
11.258280	339	1
11.260080	955	1
11.271840	544	1
11.272140	201	1
11.275080	337	1
11.275740	720	1
11.276580	90	0
11.277180	421	1
11.278800	320	1
11.279640	62	1
11.283780	607	1
11.286420	220	0
11.288100	484	1
11.290800	481	1
11.293500	408	1
11.293860	144	1
11.297220	213	1
11.300700	588	1
11.304840	350	1
11.306760	435	1
11.307000	172	1
11.308440	234	1
11.311260	820	1
11.311440	118	0
11.312820	263	1
11.316420	962	1
11.319840	149	1
11.336640	971	1
11.337300	95	1
11.345340	600	1
11.348280	290	1
11.349000	735	1
11.351160	386	1
11.353200	313	1
11.353500	306	1
11.355480	460	1
11.357640	881	1
11.362380	218	1
11.366340	157	1
11.368200	336	1
11.375400	717	1
11.376540	36	0
11.384880	167	1
11.386620	245	1
11.386740	132	1
11.394060	264	1
11.396040	557	1
11.396400	765	1
