0.083040	744	1
0.100860	148	1
0.183540	406	1
0.189420	720	1
0.190620	114	1
0.192960	473	1
0.213540	218	1
0.214320	729	1
0.227520	220	0
0.239700	415	1
0.239940	723	1
0.264120	337	1
0.265440	717	1
0.266100	440	1
0.267300	248	1
0.274620	149	1
0.282540	711	1
0.283620	215	1
0.292920	967	1
0.294000	706	1
0.295200	573	1
0.303240	793	1
0.307500	207	1
0.307920	276	1
0.307980	494	1
0.311460	764	1
0.313980	305	1
0.321300	832	1
0.327060	426	1
0.330720	264	1
0.333780	324	1
0.338400	219	1
0.338640	157	1
0.342300	600	1
0.342780	399	1
0.350220	85	1
0.361380	749	1
0.362160	557	1
0.362700	994	1
0.366660	192	1
0.368940	561	1
0.372960	987	1
0.374280	388	1
0.378780	220	0
0.380220	292	1
0.380580	339	1
0.380580	607	1
0.385440	62	1
0.386640	36	0
0.386820	386	1
0.388260	754	1
0.395220	408	1
0.399000	766	1
0.402420	861	1
0.402960	546	1
0.403380	574	1
0.408060	226	1
0.408240	716	1
0.411180	209	0
0.412680	245	1
0.415200	660	1
0.417540	257	1
0.418080	412	1
0.418800	251	1
0.421680	206	1
0.423360	968	1
0.424200	933	1
0.424320	484	1
0.428280	464	1
0.430320	735	1
0.431400	20	1
0.432060	118	0
0.435600	790	1
0.436860	83	1
0.439260	692	1
0.440820	983	1
0.442920	805	1
0.445080	627	1
0.447600	778	1
0.449220	55	1
0.451920	156	1
0.452100	640	1
0.459600	214	1
0.459720	458	1
0.459960	646	1
0.460500	208	1
0.463620	819	1
0.465300	765	1
0.466500	709	1
0.466560	439	1
0.470340	843	1
0.470400	95	1
0.472380	827	1
0.473280	409	1
0.473520	786	1
0.475740	225	1
0.480180	962	1
0.481200	705	1
0.483420	637	1
0.484140	476	1
0.488760	596	1
0.489600	663	1
0.490260	220	0
0.490500	247	1
0.490560	57	0
0.491280	602	1
0.493440	144	1
0.493920	25	1
0.494460	417	1
0.494640	67	1
0.496320	263	1
0.497460	449	1
0.497880	965	1
0.499980	101	0
0.500580	42	0
0.501600	91	1
0.501780	104	1
0.502560	606	1
0.505500	167	1
0.505740	170	0
0.507420	738	1
0.507660	115	1
0.507720	795	1
0.508140	943	1
0.510660	955	1
0.511860	750	1
0.512400	984	1
0.512580	29	1
0.513960	336	1
0.514740	289	1
0.515520	275	1
0.516720	110	1
0.521400	210	1
0.522000	36	0
0.522480	621	1
0.522960	870	1
0.523860	132	1
0.524460	641	1
0.524520	234	1
0.524700	982	1
0.525240	195	1
0.525420	446	1
0.525480	106	0
0.525960	430	1
0.526320	630	1
0.528180	744	1
0.530580	291	1
0.535500	350	1
0.538020	189	1
0.538320	510	1
0.538680	150	0
0.541920	64	0
0.542640	277	1
0.543660	570	1
0.544620	467	1
0.544920	558	1
0.546960	798	1
0.547260	418	1
0.548220	62	0
0.548280	81	1
0.549420	853	1
0.552240	213	1
0.552600	911	1
0.556260	806	1
0.559500	720	1
0.559620	662	1
0.560040	80	1
0.560340	28	0
0.561000	1008	1
0.565320	931	1
0.567300	472	1
0.567960	803	1
0.568860	209	0
0.568920	20	0
0.571080	359	1
0.571860	918	1
0.572580	312	1
0.572880	740	1
0.573960	944	1
0.574440	801	1
0.574740	689	1
0.575340	114	0
0.577020	254	1
0.577020	512	1
0.577320	358	1
0.577980	966	1
0.578040	220	0
0.578100	604	1
0.578340	912	1
0.579600	470	1
0.580860	800	1
0.582660	704	1
0.583320	527	1
0.583740	543	1
0.584760	751	1
0.585480	118	0
0.585540	376	1
0.588480	586	1
0.588900	68	0
0.589020	745	1
0.590580	747	1
0.590640	15	1
0.591240	597	1
0.591420	166	1
0.592440	61	0
0.595680	421	1
0.597960	119	1
0.603780	147	0
0.604740	1006	1
0.605280	148	1
0.605400	433	1
0.606240	928	1
0.606540	821	1
0.607380	304	1
0.609480	721	1
0.609720	581	1
0.610500	991	1
0.611280	869	1
0.611460	649	1
0.612120	151	0
0.612780	536	1
0.614880	220	1
0.615780	351	1
0.616320	151	1
0.617760	442	1
0.617880	669	1
0.617880	748	1
0.618060	283	1
0.620100	227	0
0.620640	169	1
0.621060	255	0
0.623100	647	1
0.624120	35	0
0.624300	537	1
0.625140	262	1
0.626760	117	1
0.627360	615	1
0.627420	344	1
0.627660	334	1
0.628680	173	1
0.629280	290	1
0.630060	619	1
0.634380	348	1
0.634980	712	1
0.637140	318	1
0.637740	271	1
0.639060	757	1
0.640860	729	1
0.642360	90	0
0.642780	134	0
0.645120	618	1
0.645420	701	1
0.645840	188	0
0.645900	981	1
0.650400	865	1
0.651180	126	1
0.651240	365	1
0.652980	197	1
0.653040	243	1
0.654480	32	1
0.654720	568	1
0.656340	93	1
0.656400	129	1
0.656520	320	1
0.656760	161	1
0.658200	42	0
0.658320	36	0
0.658440	183	0
0.659280	844	1
0.661020	809	1
0.661860	949	1
0.661860	972	1
0.662700	220	0
0.663360	594	1
0.663600	353	1
0.663600	802	1
0.663780	820	1
0.664200	273	1
0.664860	342	1
0.666000	51	1
0.666540	285	1
0.667560	298	1
0.668340	588	1
0.668580	811	1
0.668580	980	1
0.669000	730	1
0.669780	114	1
0.670320	218	1
0.672780	922	1
0.673200	235	0
0.674760	634	1
0.674940	81	0
0.676200	172	1
0.677880	107	1
0.678720	54	0
0.679080	370	1
0.680280	44	0
0.680700	776	1
0.681060	702	1
0.681420	677	1
0.681780	1013	1
0.683220	711	1
0.684240	707	1
0.685020	676	1
0.685380	87	0
0.685620	400	1
0.685860	343	1
0.686580	199	0
0.687660	362	1
0.688800	881	1
0.689220	724	1
0.689280	53	0
0.690180	489	1
0.692280	72	0
0.693960	170	0
0.694740	356	1
0.695880	86	0
0.699000	101	0
0.699300	454	1
0.700620	60	0
0.701220	398	1
0.702300	717	1
0.702360	722	1
0.704280	236	1
0.705600	410	1
0.706140	971	1
0.706200	39	0
0.707280	628	1
0.707940	40	0
0.710100	150	0
0.710700	61	0
0.711300	293	1
0.711960	956	1
0.713640	66	1
0.714600	223	1
0.715380	406	1
0.715560	49	0
0.716400	98	0
0.719760	259	1
0.722520	186	0
0.725220	456	1
0.725280	62	0
0.725700	305	1
0.726420	547	1
0.729000	793	1
0.729660	436	1
0.730260	718	1
0.731340	698	1
0.732300	268	1
0.736560	276	1
0.740460	415	1
0.742620	313	1
0.748800	84	0
0.749820	118	0
0.750300	407	1
0.751200	164	0
0.752880	78	0
0.753600	460	1
0.753840	438	1
0.754500	723	1
0.754860	295	1
0.756000	963	1
0.756900	258	1
0.757020	684	1
0.758280	85	0
0.759060	859	1
0.760440	878	1
0.761280	111	1
0.762540	673	1
0.763320	440	1
0.768120	64	0
0.768180	832	1
0.770940	182	0
0.772140	37	0
0.775800	215	1
0.779040	160	1
0.779640	220	0
0.781680	505	1
0.783180	603	1
0.785220	903	1
0.787560	100	0
0.789540	611	1
0.790020	573	1
0.790440	892	1
0.791280	93	0
0.792120	66	0
0.792480	284	1
0.793260	105	0
0.793920	435	1
0.798480	24	1
0.799080	337	1
0.799980	884	1
0.801480	706	1
0.806880	308	1
0.807480	209	0
0.808320	836	1
0.810120	891	1
0.820860	114	0
0.826620	959	1
0.830700	600	1
0.832980	333	1
0.833160	452	1
0.835740	383	1
0.836820	542	1
0.837540	466	1
0.837900	73	0
0.838800	83	0
0.840540	924	1
0.842760	56	1
0.842940	889	1
0.846060	652	1
0.849720	434	1
0.858720	845	1
0.860160	764	1
0.862260	736	1
0.862920	339	1
0.863100	861	1
0.869160	508	1
0.873600	437	1
0.875640	157	1
0.876960	88	1
0.882840	371	1
0.883200	122	1
0.883980	235	0
0.885060	967	1
0.886200	544	1
0.889260	399	1
0.889740	201	1
0.890040	106	0
0.894960	314	1
0.895440	419	1
0.899940	672	1
0.910800	73	1
0.912600	486	1
0.913800	557	1
0.918360	749	1
0.919620	220	0
0.920520	248	1
0.922380	84	1
0.925440	74	1
0.925980	494	1
0.926400	511	1
0.926640	118	0
0.927720	44	1
0.927840	257	1
0.930120	548	1
0.934920	101	0
0.937980	933	1
0.939120	868	1
0.939240	207	1
0.942300	324	1
0.943320	546	1
0.950520	464	1
0.959640	149	1
0.960600	46	1
0.965520	819	1
0.969540	744	1
0.973320	446	1
0.981780	85	1
0.982920	0	1
0.985980	526	1
0.990960	105	1
0.991620	725	1
0.996780	36	0
0.997620	610	1
1.002720	57	1
1.003860	904	1
1.007040	42	0
1.012800	720	1
1.012980	115	1
1.017600	209	0
1.020120	929	1
1.026480	552	1
1.026600	62	1
1.030680	264	1
1.032240	574	1
1.032240	994	1
1.033200	152	1
1.035000	219	1
1.035900	90	0
1.037280	83	1
1.038240	323	1
1.038480	261	1
1.045620	962	1
1.050960	7	1
1.052460	245	1
1.053240	53	1
1.061760	646	1
1.062420	602	1
1.067580	716	1
1.070100	408	1
1.071960	987	1
1.074120	28	0
1.075200	660	1
1.076220	606	1
1.080300	192	1
1.085760	55	1
1.091700	627	1
1.095720	220	0
1.096740	91	1
1.098060	16	1
1.099560	104	1
1.106280	118	0
1.109160	206	1
1.110060	412	1
1.117800	80	1
1.120800	705	1
1.122600	20	1
1.123980	692	1
1.126020	607	1
1.128300	754	1
1.133820	766	1
1.134000	95	1
1.136400	148	1
1.147800	426	1
1.149480	67	1
1.150560	729	1
1.154340	640	1
1.154640	561	1
1.155000	29	1
1.158960	765	1
1.160220	790	1
1.168380	21	1
1.171140	968	1
1.173240	81	1
1.173480	921	1
1.179120	449	1
1.179600	808	1
1.181820	36	0
1.182120	156	1
1.188600	110	1
1.188960	484	1
1.191120	735	1
1.192620	144	1
1.195260	42	0
1.196400	473	1
1.197420	388	1
1.197540	570	1
1.198140	711	1
1.198320	208	1
1.199940	738	1
1.203780	458	1
1.204020	200	1
1.205460	596	1
1.208160	558	1
1.213500	121	1
1.216260	983	1
1.216800	20	0
1.218720	251	1
1.219560	214	1
1.221420	114	1
1.229040	527	1
1.229280	218	1
1.233780	132	1
1.234620	843	1
1.235880	226	1
1.238700	641	1
1.241700	386	1
1.242060	185	1
1.255860	717	1
1.257180	292	1
1.258200	510	1
1.261260	25	1
1.266960	57	0
1.267020	709	1
1.272000	39	0
1.273140	406	1
1.274400	409	1
1.275180	637	1
1.280100	984	1
1.280820	118	0
1.280940	291	1
1.280940	430	1
1.290120	805	1
1.293180	225	1
1.296540	911	1
1.297320	220	0
1.298700	209	0
1.306980	630	1
1.309200	750	1
1.310820	476	1
1.313280	955	1
1.314600	15	1
1.320540	440	1
1.323660	439	1
1.326660	210	1
1.327140	415	1
1.329000	289	1
1.329840	806	1
1.331100	977	1
1.332300	740	1
1.337340	166	1
1.338780	870	1
1.340460	965	1
1.341420	798	1
1.342800	663	1
1.345320	101	0
1.347720	5	1
1.349580	931	1
1.350180	72	1
1.350960	586	1
1.351860	543	1
1.353420	275	1
1.353480	723	1
1.354980	418	1
1.356300	928	1
1.357680	662	1
1.359300	786	1
1.362060	654	1
1.364220	832	1
1.376580	220	0
1.380000	621	1
1.383360	467	1
1.384740	61	0
1.389300	417	1
1.389660	831	1
1.394580	706	1
1.395180	966	1
1.396200	982	1
1.399020	234	1
1.402680	918	1
1.403280	305	1
1.409340	263	1
1.410000	912	1
1.412400	442	1
1.412760	944	1
1.413240	227	0
1.416540	604	1
1.417080	93	1
1.418220	337	1
1.421700	720	1
1.423200	195	1
1.427460	943	1
1.427880	189	1
1.428060	581	1
1.429620	853	1
1.429680	869	1
1.434840	704	1
1.435020	173	1
1.436580	883	1
1.437540	350	1
1.440300	39	1
1.440960	669	1
1.441740	1008	1
1.441980	170	0
1.443420	312	1
1.444800	801	1
1.446720	215	1
1.447980	209	0
1.448040	689	1
1.448460	793	1
1.449540	117	1
1.453320	568	1
1.455900	803	1
1.460340	573	1
1.462020	220	0
1.462080	276	1
1.462800	861	1
1.462860	472	1
1.465440	619	1
1.468500	470	1
1.468560	991	1
1.471800	778	1
1.471920	32	1
1.473120	597	1
1.474440	967	1
1.475100	800	1
1.477680	376	1
1.479000	302	1
1.481580	744	1
1.486500	795	1
1.486740	421	1
1.487280	647	1
1.493040	322	1
1.494600	399	1
1.495920	36	0
1.496340	167	1
1.498260	324	1
1.501260	600	1
1.501380	1006	1
1.502580	827	1
1.503720	748	1
1.504200	151	0
1.505280	764	1
1.505700	751	1
1.505880	821	1
1.506780	881	1
1.510920	757	1
1.511040	933	1
1.511340	180	0
1.512240	118	0
1.513080	151	1
1.516140	283	1
1.518780	213	1
1.520040	747	1
1.520520	618	1
1.526820	339	1
1.528800	172	1
1.530120	358	1
1.531200	248	1
1.533960	334	1
1.534620	188	0
1.534800	78	0
1.535220	701	1
1.536840	277	1
1.538400	220	0
1.543740	634	1
1.543800	157	1
1.546200	809	1
1.548660	546	1
1.549740	749	1
1.550040	365	1
1.550100	707	1
1.550400	169	1
1.550940	336	1
1.553820	220	1
1.554780	615	1
1.557480	802	1
1.558560	221	1
1.560780	981	1
1.564440	844	1
1.566960	536	1
1.569480	606	1
1.571220	594	1
1.571340	107	1
1.575300	721	1
1.577220	126	1
1.577280	949	1
1.582440	972	1
1.584120	247	1
1.586880	922	1
1.588680	819	1
1.589400	512	1
1.589520	857	1
1.591200	962	1
1.593060	820	1
1.595580	433	1
1.600620	64	0
1.602120	318	1
1.602300	197	1
1.602540	649	1
1.604280	344	1
1.604640	359	1
1.606320	218	1
1.606980	660	1
1.609560	811	1
1.609800	183	0
1.610100	271	1
1.611060	85	1
1.611780	115	1
1.611780	730	1
1.613160	207	1
1.616880	588	1
1.617240	304	1
1.617360	537	1
1.618680	235	0
1.619760	219	1
1.623660	865	1
1.624440	245	1
1.625880	602	1
1.626000	161	1
1.627560	264	1
1.627740	557	1
1.627800	464	1
1.628400	494	1
1.631400	343	1
1.632480	149	1
1.634160	44	0
1.635060	574	1
1.635960	90	0
1.640700	186	0
1.642260	36	0
1.643220	320	1
1.643280	129	1
1.644360	980	1
1.645020	994	1
1.645500	257	1
1.646520	220	0
1.647360	298	1
1.649640	147	0
1.649880	353	1
1.650480	702	1
1.653360	57	0
1.654680	431	1
1.655460	729	1
1.656180	61	0
1.662900	724	1
1.663800	957	1
1.663980	351	1
1.664340	39	0
1.664640	971	1
1.665480	348	1
1.667100	259	1
1.668840	722	1
1.669140	306	1
1.669680	42	0
1.673760	712	1
1.674360	1013	1
1.677180	776	1
1.677960	150	0
1.680000	70	0
1.681500	711	1
1.682820	408	1
1.686000	66	1
1.686420	262	1
1.686600	236	1
1.688940	308	1
1.689600	285	1
1.691220	956	1
1.692480	81	0
1.692960	352	1
1.694160	646	1
1.694340	313	1
1.701840	148	1
1.702440	290	1
1.703580	62	0
1.706640	192	1
1.710120	118	0
1.713240	68	0
1.714320	273	1
1.714620	78	0
1.715220	356	1
1.715280	55	1
1.715820	101	0
1.716000	741	1
1.716720	987	1
1.717080	286	1
1.718640	114	1
1.724580	370	1
1.724580	73	0
1.725420	77	0
1.726320	87	0
1.726380	692	1
1.728180	925	1
1.728960	342	1
1.732020	243	1
1.733580	98	0
1.734060	60	0
1.735320	223	1
1.736700	86	0
1.740000	454	1
1.742280	410	1
1.744500	774	1
1.744500	859	1
1.746060	362	1
1.746120	628	1
1.750200	398	1
1.750920	268	1
1.754040	83	1
1.754280	156	1
1.756680	627	1
1.758720	738	1
1.759860	435	1
1.761120	20	1
1.763340	891	1
1.766220	111	1
1.767600	631	1
1.769520	84	0
1.774980	963	1
1.775160	878	1
1.775700	709	1
1.776780	209	0
1.779780	754	1
1.781340	438	1
1.782120	80	1
1.783080	717	1
1.784220	220	0
1.789860	62	1
1.790820	843	1
1.791060	897	1
1.797900	254	1
1.798140	406	1
1.802760	677	1
1.817340	570	1
1.818420	673	1
1.819560	547	1
1.821420	460	1
1.821960	436	1
1.822980	29	1
1.824240	383	1
1.828440	42	0
1.829760	170	0
1.832640	720	1
1.835100	884	1
1.836480	205	1
1.842360	456	1
1.843860	104	1
1.844280	909	1
1.845420	790	1
1.847820	95	1
1.850520	400	1
1.851420	378	1
1.852080	206	1
1.856400	434	1
1.856520	258	1
1.857660	412	1
1.861140	836	1
1.863720	440	1
1.867740	305	1
1.873080	847	1
1.876140	968	1
1.884840	716	1
1.888380	101	0
1.890000	765	1
1.890780	965	1
1.892220	596	1
1.893540	144	1
1.895400	705	1
1.895580	51	1
1.895880	81	1
1.896480	832	1
1.897260	415	1
1.898760	561	1
1.899000	214	1
1.900200	119	1
1.901880	333	1
1.903560	446	1
1.905840	208	1
1.909080	637	1
1.909860	476	1
1.910880	845	1
1.912560	91	1
1.913100	745	1
1.917420	837	1
1.917780	458	1
1.921440	676	1
1.921860	220	0
1.921980	106	0
1.922700	766	1
1.925340	36	0
1.926180	505	1
1.926240	455	1
1.927740	226	1
1.931100	607	1
1.931400	889	1
1.932780	723	1
1.933740	806	1
1.936440	437	1
1.937520	118	0
1.939740	449	1
1.943400	132	1
1.946580	42	0
1.949820	209	0
1.951380	892	1
1.951500	284	1
1.951800	527	1
1.953420	452	1
1.954080	603	1
1.954980	73	1
1.955160	110	1
1.957620	24	1
1.959540	959	1
1.960860	466	1
1.961520	419	1
1.962360	225	1
1.963320	510	1
1.964460	90	0
1.965420	289	1
1.967580	706	1
1.967880	388	1
1.970820	57	0
1.970940	67	1
1.971240	558	1
1.978440	641	1
1.978620	735	1
1.979700	417	1
1.980240	224	1
1.981560	611	1
1.981680	744	1
1.982340	337	1
1.982460	983	1
1.983420	924	1
1.984020	426	1
1.988400	88	1
1.990380	548	1
1.991280	955	1
1.992360	861	1
1.995360	122	1
1.997400	319	1
1.999980	114	0
2.001900	473	1
2.002140	371	1
2.004720	386	1
2.008320	439	1
2.010240	750	1
2.012100	407	1
2.013000	105	0
2.015820	903	1
2.016180	489	1
2.016780	427	1
2.019900	793	1
2.020440	101	0
2.021220	339	1
2.024700	508	1
2.024700	805	1
2.027520	44	1
2.030100	215	1
2.030520	511	1
2.033340	86	0
2.034720	984	1
2.034960	600	1
2.035860	640	1
2.039880	484	1
2.039880	962	1
2.041200	106	0
2.042700	430	1
2.045460	486	1
2.047440	251	1
2.049540	442	1
2.049720	220	0
2.057280	150	0
2.061180	621	1
2.063640	118	0
2.065500	151	0
2.067660	418	1
2.067960	526	1
2.068560	84	1
2.068680	467	1
2.068860	543	1
2.071500	375	1
2.072040	276	1
2.076000	0	1
2.076300	870	1
2.078280	606	1
2.080680	377	1
2.082360	464	1
2.082660	107	0
2.084640	409	1
2.087040	546	1
2.089080	457	1
2.089800	399	1
2.090280	714	1
2.092320	219	1
2.093160	444	1
2.094300	911	1
2.095020	142	0
2.096220	126	0
2.097720	586	1
2.097780	210	1
2.099340	481	1
2.099820	157	1
2.100960	416	1
2.101620	358	1
2.101800	25	1
2.102520	470	1
2.103600	933	1
2.103900	312	1
2.105640	201	1
2.108460	376	1
2.109120	573	1
2.109480	46	1
2.113560	74	1
2.113740	133	0
2.114520	663	1
2.120760	98	0
2.124120	148	1
2.124420	729	1
2.126220	967	1
2.128200	798	1
2.130840	248	1
2.131260	314	1
2.132160	112	0
2.134260	928	1
2.135580	472	1
2.137140	57	1
2.137140	533	1
2.139240	275	1
2.146320	93	0
2.148720	149	1
2.150640	220	0
2.152260	209	0
2.154300	482	1
2.154840	104	0
2.155680	542	1
2.158680	15	1
2.159160	105	1
2.160120	463	1
2.160240	392	1
2.161080	101	0
2.161320	350	1
2.165340	56	1
2.165340	495	1
2.167980	711	1
2.168160	477	1
2.168820	912	1
2.172120	78	0
2.172540	324	1
2.173320	421	1
2.173680	447	1
2.174100	453	1
2.176560	630	1
2.176620	718	1
2.177460	36	0
2.178180	764	1
2.181000	53	1
2.183460	118	0
2.183880	494	1
2.185020	574	1
2.185320	800	1
2.185500	106	0
2.185680	982	1
2.188260	736	1
2.192640	918	1
2.198880	32	1
2.199120	119	0
2.205420	85	1
2.206200	855	1
2.207460	450	1
2.208300	115	1
2.210940	114	0
2.215380	552	1
2.216220	944	1
2.218320	7	1
2.220060	134	0
2.220840	943	1
2.220840	1006	1
2.221500	185	1
2.222040	264	1
2.226480	234	1
2.228640	931	1
2.228940	597	1
2.229120	291	1
2.239740	114	1
2.243280	778	1
2.244360	90	0
2.246640	827	1
2.247960	292	1
2.249040	245	1
2.249580	408	1
2.251320	220	0
2.255640	173	1
2.257140	602	1
2.257980	660	1
2.262660	786	1
2.272680	819	1
2.275680	55	1
2.277240	568	1
2.278560	218	1
2.279280	749	1
2.282700	283	1
2.283060	93	1
2.283900	923	1
2.289000	1008	1
2.289240	604	1
2.289300	200	1
2.295420	323	1
2.300040	536	1
2.300580	740	1
2.302920	500	1
2.305380	869	1
2.306760	853	1
2.306880	189	1
2.307300	994	1
2.308260	720	1
2.313960	795	1
2.320920	440	1
2.321460	207	1
2.321700	192	1
2.332320	195	1
2.334300	151	1
2.334360	406	1
2.335320	20	0
2.335620	351	1
2.335620	789	1
2.340300	39	0
2.343540	929	1
2.346060	118	0
2.348700	669	1
2.354220	987	1
2.354880	627	1
2.359200	213	1
2.362860	20	1
2.364540	717	1
2.365380	83	1
2.365440	220	0
2.367180	803	1
2.368080	62	0
2.369280	808	1
2.369880	662	1
2.372220	16	1
2.372220	704	1
2.377680	257	1
2.380440	117	1
2.381520	36	0
2.385060	615	1
2.389260	42	0
2.394240	21	1
2.396460	209	0
2.397240	512	1
2.399040	646	1
2.399700	843	1
2.399820	167	1
2.401080	263	1
2.403660	881	1
2.406120	721	1
2.409060	868	1
2.409900	747	1
2.415720	738	1
2.415840	80	1
2.417700	166	1
2.418060	801	1
2.422260	334	1
2.426340	966	1
2.434260	594	1
2.435100	748	1
2.444040	261	1
2.444160	62	1
2.444520	557	1
2.448780	247	1
2.451720	821	1
2.454060	227	0
2.454600	156	1
2.460300	730	1
2.462580	793	1
2.463360	981	1
2.464920	701	1
2.467200	709	1
2.467560	29	1
2.468280	206	1
2.474220	588	1
2.475840	689	1
2.476200	692	1
2.478720	844	1
2.479080	618	1
2.479980	259	1
2.480160	744	1
2.482980	305	1
2.485680	537	1
2.486760	619	1
2.486880	129	1
2.487420	647	1
2.487960	147	0
2.488800	832	1
2.489460	705	1
2.498280	751	1
2.498340	991	1
2.501820	972	1
2.502000	10	1
2.503140	809	1
2.506920	544	1
2.507520	160	1
2.508000	169	1
2.510160	64	0
2.513580	754	1
2.514600	170	0
2.515560	757	1
2.515920	712	1
2.516340	220	0
2.526840	107	1
2.526840	707	1
2.527200	684	1
2.532780	336	1
2.534400	723	1
2.536020	226	1
2.538480	706	1
2.539020	188	0
2.540520	415	1
2.542860	607	1
2.544660	861	1
2.544780	186	0
2.544840	802	1
2.548200	610	1
2.549340	820	1
2.550240	634	1
2.554080	174	0
2.554980	724	1
2.560860	223	1
2.562660	570	1
2.563260	600	1
2.565240	581	1
2.570820	865	1
2.572620	765	1
2.574720	729	1
2.575080	95	1
2.582100	104	1
2.582160	150	0
2.584380	649	1
2.585400	698	1
2.589480	126	1
2.590380	209	0
2.590800	561	1
2.591760	277	1
2.591940	183	0
2.592000	180	0
2.592240	197	1
2.593140	182	0
2.594100	637	1
2.597580	766	1
2.599320	811	1
2.600280	596	1
2.601120	161	1
2.602500	790	1
2.602980	215	1
2.604060	806	1
2.605260	922	1
2.609340	722	1
2.609520	337	1
2.611080	81	1
2.611800	157	1
2.613540	412	1
2.617560	702	1
2.617680	172	1
2.618100	652	1
2.618460	750	1
2.618760	36	0
2.623440	716	1
2.624220	949	1
2.625960	220	0
2.626440	720	1
2.629440	144	1
2.637180	433	1
2.640000	208	1
2.644140	968	1
2.650800	711	1
2.653620	220	1
2.656740	132	1
2.658960	546	1
2.666820	318	1
2.667780	91	1
2.671320	956	1
2.675760	110	1
2.676420	735	1
2.677800	320	1
2.678820	1013	1
2.680800	42	0
2.681940	121	1
2.684400	473	1
2.693280	225	1
2.694180	955	1
2.695020	573	1
2.697120	176	1
2.703000	111	1
2.705100	388	1
2.707440	248	1
2.712060	271	1
2.712120	965	1
2.712840	426	1
2.713200	962	1
2.713500	476	1
2.714580	148	1
2.716980	276	1
2.717820	339	1
2.719740	606	1
2.720220	273	1
2.724120	878	1
2.725140	66	1
2.728080	458	1
2.729520	776	1
2.731140	399	1
2.733360	967	1
2.736120	285	1
2.740140	971	1
2.740740	699	1
2.741940	737	1
2.742840	57	0
2.743560	641	1
2.752860	115	1
2.752980	20	0
2.753280	219	1
2.754960	983	1
2.756460	245	1
2.757420	870	1
2.759580	343	1
2.763240	446	1
2.768280	980	1
2.771580	904	1
2.771940	114	1
2.772180	417	1
2.775420	510	1
2.776980	220	0
2.782500	324	1
2.783820	640	1
2.784540	101	0
2.784780	289	1
2.786160	676	1
2.789400	764	1
2.791980	836	1
2.792820	152	1
2.793840	574	1
2.795700	344	1
2.797860	149	1
2.799600	214	1
2.800020	264	1
2.800200	805	1
2.800980	218	1
2.802900	304	1
2.803560	464	1
2.804460	236	1
2.811900	933	1
2.811960	254	1
2.815440	39	0
2.816340	312	1
2.818260	677	1
2.819280	819	1
2.820720	262	1
2.821020	298	1
2.821920	359	1
2.822220	36	0
2.823660	308	1
2.823780	342	1
2.824560	209	0
2.833620	290	1
2.835120	660	1
2.836380	61	0
2.837640	442	1
2.838480	891	1
2.844540	725	1
2.844960	449	1
2.848080	693	1
2.850120	243	1
2.850120	90	0
2.853780	268	1
2.853780	64	0
2.853840	118	0
2.857140	602	1
2.857320	85	1
2.857920	356	1
2.859060	494	1
2.860260	293	1
2.861280	621	1
2.861520	439	1
2.862780	78	0
2.862840	663	1
2.865300	81	0
2.866200	984	1
2.866620	55	1
2.872380	410	1
2.873700	409	1
2.876100	630	1
2.876640	362	1
2.877840	586	1
2.883480	365	1
2.884440	313	1
2.884800	275	1
2.885280	376	1
2.890620	42	0
2.892900	93	0
2.895000	60	0
2.896920	527	1
2.899140	353	1
2.900640	86	0
2.901540	408	1
2.901540	467	1
2.902800	470	1
2.905860	438	1
2.906820	350	1
2.907480	72	0
2.907900	859	1
2.909460	358	1
2.911620	745	1
2.913240	977	1
2.916000	406	1
2.917140	220	0
2.920680	251	1
2.920740	558	1
2.923020	83	0
2.924100	210	1
2.924220	418	1
2.925960	370	1
2.927520	654	1
2.928180	628	1
2.928900	440	1
2.929260	435	1
2.930220	305	1
2.931300	434	1
2.933100	421	1
2.933700	101	0
2.934180	484	1
2.935020	295	1
2.940060	257	1
2.943000	88	1
2.943960	912	1
2.944920	87	0
2.947440	118	0
2.948700	460	1
2.951220	98	0
2.951400	386	1
2.953320	173	1
2.954460	798	1
2.958540	597	1
2.963460	100	0
2.963940	114	0
2.965980	106	0
2.967120	415	1
2.967480	543	1
2.967840	20	1
2.968860	436	1
2.968920	669	1
2.969640	472	1
2.972940	749	1
2.976960	994	1
2.978280	845	1
2.980140	827	1
2.980320	489	1
2.986500	911	1
2.987040	627	1
2.987400	547	1
2.987700	430	1
2.987820	25	1
2.989560	454	1
2.990220	717	1
2.993100	192	1
2.995440	407	1
2.995920	115	0
3.000960	761	1
3.001200	333	1
3.001500	398	1
3.001560	119	1
3.007740	207	1
3.008820	452	1
3.009240	456	1
3.016260	67	1
3.017040	1006	1
3.019680	928	1
3.020400	68	0
3.021840	234	1
3.021900	437	1
3.022620	360	1
3.023160	283	1
3.024660	134	0
3.026100	348	1
3.026160	884	1
3.026220	220	0
3.028020	987	1
3.037680	921	1
3.039420	943	1
3.039600	648	1
3.042540	400	1
3.042540	982	1
3.046560	83	1
3.047400	90	0
3.050340	843	1
3.058020	918	1
3.058740	673	1
3.058740	105	0
3.059760	235	0
3.065340	87	0
3.066780	944	1
3.072720	213	1
3.078360	118	0
3.080640	744	1
3.080760	512	1
3.085380	466	1
3.085500	1008	1
3.087120	692	1
3.093720	505	1
3.093720	646	1
3.099180	786	1
3.100080	15	1
3.102600	106	0
3.104400	44	1
3.112680	511	1
3.112920	705	1
3.113460	209	0
3.116580	706	1
3.118080	853	1
3.122580	557	1
3.122640	931	1
3.122700	720	1
3.123120	832	1
3.123540	24	1
3.129840	793	1
3.130440	291	1
3.132780	220	0
3.135300	795	1
3.137580	729	1
3.138480	419	1
3.140040	738	1
3.141240	778	1
3.144480	611	1
3.147540	959	1
3.149220	966	1
3.153240	508	1
3.156420	62	1
3.163440	292	1
3.166620	0	1
3.173220	615	1
3.173760	93	1
3.175980	151	1
3.176520	227	0
3.180720	548	1
3.181500	861	1
3.191220	371	1
3.194640	723	1
3.196200	709	1
3.197040	74	1
3.200100	740	1
3.204720	903	1
3.207120	803	1
3.208500	156	1
3.209760	73	1
3.211380	536	1
3.213480	226	1
3.221580	606	1
3.223080	604	1
3.223200	869	1
3.225120	148	1
3.225240	51	1
3.238560	711	1
3.248640	195	1
3.249180	754	1
3.250440	765	1
3.253380	800	1
3.253680	42	0
3.256860	600	1
3.258240	537	1
3.262440	806	1
3.266040	170	0
3.266640	220	0
3.266760	337	1
3.268620	607	1
3.269160	383	1
3.274860	457	1
3.274980	588	1
3.274980	889	1
3.281040	104	1
3.281220	1022	1
3.283680	215	1
3.284220	80	1
3.285240	209	0
3.287880	46	1
3.290760	730	1
3.290820	189	1
3.292980	526	1
3.293760	619	1
3.295020	801	1
3.299220	167	1
3.301320	721	1
3.303000	821	1
3.304320	955	1
3.305700	701	1
3.307620	546	1
3.308340	892	1
3.310080	747	1
3.313800	148	0
3.319680	561	1
3.320040	114	1
3.320880	185	1
3.321840	963	1
3.321900	766	1
3.322980	596	1
3.324360	339	1
3.324840	218	1
3.330900	967	1
3.331980	32	1
3.332700	750	1
3.333960	248	1
3.334920	157	1
3.337980	844	1
3.338580	962	1
3.340680	790	1
3.341220	36	0
3.345300	570	1
3.345540	206	1
3.346860	247	1
3.348300	144	1
3.352860	95	1
3.355200	618	1
3.355800	473	1
3.357240	968	1
3.358320	637	1
3.358920	39	0
3.360960	29	1
3.363000	412	1
3.364080	716	1
3.364800	110	1
3.367020	929	1
3.367860	105	1
3.372600	757	1
3.373560	81	1
3.374880	117	1
3.378420	751	1
3.378960	748	1
3.381900	433	1
3.386760	865	1
3.386940	689	1
3.387900	735	1
3.391800	53	1
3.392280	573	1
3.397620	220	0
3.399240	7	1
3.399540	91	1
3.402900	594	1
3.403620	881	1
3.405900	200	1
3.408180	574	1
3.409440	101	0
3.409500	809	1
3.410520	20	0
3.412560	704	1
3.413640	129	1
3.415080	219	1
3.418380	736	1
3.422160	122	1
3.422400	933	1
3.422700	764	1
3.427320	552	1
3.428640	351	1
3.429600	85	1
3.429660	724	1
3.432240	115	1
3.437580	28	0
3.440280	399	1
3.440400	426	1
3.441180	634	1
3.442020	802	1
3.443820	458	1
3.445860	149	1
3.447420	151	0
3.447600	132	1
3.447900	494	1
3.448440	36	0
3.448860	897	1
3.450060	263	1
3.450540	649	1
3.452220	660	1
3.452280	647	1
3.452640	55	1
3.453360	188	0
3.454380	991	1
3.456960	264	1
3.459600	118	0
3.460560	201	1
3.460740	981	1
3.461040	388	1
3.462000	42	0
3.462420	245	1
3.462600	446	1
3.469500	602	1
3.470340	476	1
3.470820	276	1
3.470820	820	1
3.472500	924	1
3.473880	718	1
3.475380	662	1
3.476220	720	1
3.478200	717	1
3.480000	183	0
3.480180	983	1
3.481320	57	1
3.481380	107	1
3.483180	883	1
3.483660	169	1
3.487680	166	1
3.492060	569	1
3.493260	464	1
3.496140	334	1
3.497160	220	0
3.501540	641	1
3.503220	811	1
3.506040	640	1
3.506760	64	0
3.510120	324	1
3.514320	819	1
3.514500	28	1
3.514860	870	1
3.515700	568	1
3.523200	40	0
3.524400	170	0
3.525300	150	0
3.526680	208	1
3.526860	225	1
3.528480	209	0
3.529140	442	1
3.531180	415	1
3.532320	744	1
3.536220	23	0
3.538080	949	1
3.539100	702	1
3.540180	749	1
3.548700	56	1
3.553860	440	1
3.557640	20	1
3.560460	126	1
3.560940	186	0
3.565920	16	1
3.566700	21	1
3.569280	857	1
3.572340	971	1
3.573720	965	1
3.574680	417	1
3.578520	57	0
3.582000	878	1
3.584340	406	1
3.584820	630	1
3.585240	714	1
3.585480	510	1
3.585540	722	1
3.585540	805	1
3.585840	161	1
3.586380	729	1
3.595200	793	1
3.600780	197	1
3.601200	832	1
3.604080	220	1
3.605520	408	1
3.607560	214	1
3.613680	220	0
3.616320	484	1
3.617160	922	1
3.617880	449	1
3.618180	173	1
3.619140	627	1
3.622740	956	1
3.624180	66	1
3.624540	305	1
3.627480	36	0
3.628740	808	1
3.630300	558	1
3.635220	289	1
3.636480	581	1
3.640200	486	1
3.640380	172	1
3.641460	72	1
3.644040	994	1
3.646440	409	1
3.648720	439	1
3.648900	118	0
3.649560	663	1
3.652680	597	1
3.653940	827	1
3.656820	192	1
3.659040	320	1
3.661920	707	1
3.663060	101	0
3.663960	275	1
3.665940	980	1
3.669780	719	1
3.673680	984	1
3.673920	859	1
3.674880	843	1
3.676860	706	1
3.680760	987	1
3.682380	684	1
3.682440	723	1
3.683040	527	1
3.685500	586	1
3.688020	1013	1
3.688560	210	1
3.690720	336	1
3.696960	470	1
3.700080	603	1
3.700980	467	1
3.705120	610	1
3.707520	431	1
3.707520	209	0
3.711120	312	1
3.712380	220	0
3.713940	912	1
3.714360	386	1
3.722880	318	1
3.728340	111	1
3.728460	795	1
3.729420	621	1
3.732420	692	1
3.734040	350	1
3.737340	741	1
3.737580	482	1
3.738420	421	1
3.738840	207	1
3.741300	418	1
3.743340	257	1
3.744540	235	0
3.745020	430	1
3.748440	376	1
3.751740	646	1
3.752220	631	1
3.756840	543	1
3.757500	676	1
3.759720	251	1
3.762720	271	1
3.767100	966	1
3.768180	223	1
3.769980	677	1
3.770640	962	1
3.772200	776	1
3.773100	83	1
3.781320	738	1
3.782820	170	0
3.785640	277	1
3.787320	606	1
3.787800	25	1
3.793560	557	1
3.796620	234	1
3.797580	861	1
3.798900	358	1
3.799080	285	1
3.799800	712	1
3.800220	93	1
3.800640	160	1
3.805800	472	1
3.808620	118	0
3.812220	891	1
3.813300	42	0
3.814800	798	1
3.814920	711	1
3.815640	304	1
3.818040	156	1
3.818340	911	1
3.823140	148	1
3.823980	542	1
3.826140	337	1
3.826320	1006	1
3.829680	786	1
3.833220	709	1
3.836160	273	1
3.836340	669	1
3.841620	114	1
3.844860	215	1
3.845700	220	0
3.846600	298	1
3.849540	243	1
3.850080	15	1
3.852180	909	1
3.859380	392	1
3.860760	460	1
3.861720	259	1
3.863880	600	1
3.864480	705	1
3.866100	720	1
3.866640	236	1
3.867600	343	1
3.868860	918	1
3.876300	322	1
3.880980	982	1
3.883620	283	1
3.883860	262	1
3.885480	928	1
3.885600	86	0
3.887460	944	1
3.889320	284	1
3.889740	359	1
3.892200	778	1
3.893340	1008	1
3.895020	62	1
3.896400	477	1
3.897960	356	1
3.898740	218	1
3.899520	213	1
3.900420	931	1
3.902040	855	1
3.902700	247	1
3.904200	157	1
3.907020	308	1
3.907920	183	0
3.914580	226	1
3.914940	90	0
3.915360	61	0
3.915720	362	1
3.915900	853	1
3.916800	339	1
3.919980	85	0
3.920640	348	1
3.921360	342	1
3.922920	68	0
3.923520	972	1
3.924360	62	0
3.924960	248	1
3.925500	227	0
3.925800	765	1
3.926220	60	0
3.927720	313	1
3.928140	81	0
3.929040	73	0
3.932520	276	1
3.932880	436	1
3.933960	365	1
3.937560	370	1
3.937620	64	0
3.937740	323	1
3.938580	57	0
3.940860	268	1
3.941040	87	0
3.945660	220	0
3.946020	78	0
3.948240	546	1
3.951240	83	0
3.951660	344	1
3.951720	845	1
3.953940	291	1
3.955380	473	1
3.958500	67	1
3.961500	967	1
3.961680	943	1
3.965340	933	1
3.967860	39	1
3.971100	98	0
3.972300	438	1
3.981300	290	1
3.982560	407	1
3.982560	456	1
3.982980	432	1
3.990180	536	1
3.990960	454	1
3.993480	353	1
3.993840	254	1
3.994140	628	1
3.995700	410	1
4.002120	101	0
4.003440	406	1
4.004940	435	1
4.006140	72	0
4.022880	615	1
4.023720	637	1
4.023780	955	1
4.030920	803	1
4.031520	574	1
4.033860	806	1
4.035420	195	1
4.038120	398	1
4.038420	306	1
4.040220	573	1
4.041540	412	1
4.041720	547	1
4.042800	434	1
4.048440	88	1
4.049640	261	1
4.051860	85	1
4.053600	437	1
4.053660	209	0
4.056780	740	1
4.057920	115	1
4.058400	286	1
4.064520	293	1
4.064520	452	1
4.066020	219	1
4.068060	400	1
4.068480	149	1
4.068600	596	1
4.069920	440	1
4.070520	118	0
4.070760	305	1
4.071660	716	1
4.074600	114	0
4.075860	104	1
4.077060	744	1
4.078260	106	0
4.080420	717	1
4.081260	607	1
4.081500	378	1
4.082280	925	1
4.085940	144	1
4.087080	399	1
4.088280	494	1
4.089060	868	1
4.091340	453	1
4.091940	464	1
4.095540	602	1
4.095540	36	0
4.095600	110	1
4.095780	836	1
4.095960	481	1
4.098000	446	1
4.098960	95	1
4.099140	458	1
4.099680	489	1
4.101120	415	1
4.103280	537	1
4.104660	80	1
4.105380	375	1
4.107240	764	1
4.110780	220	0
4.111500	206	1
4.114140	319	1
4.119000	512	1
4.119120	100	0
4.120260	869	1
4.124340	151	1
4.125420	426	1
4.125960	766	1
4.126380	93	0
4.128120	588	1
4.133220	55	1
4.134840	790	1
4.134960	476	1
4.137420	245	1
4.138200	324	1
4.138560	314	1
4.139340	115	0
4.144440	90	0
4.145220	42	0
4.145280	968	1
4.145460	729	1
4.145820	832	1
4.145880	735	1
4.148880	111	0
4.150740	466	1
4.150860	730	1
4.151340	754	1
4.151460	750	1
4.151580	505	1
4.154040	510	1
4.157580	91	1
4.158660	371	1
4.159080	292	1
4.161180	101	0
4.162560	449	1
4.162620	0	1
4.167360	295	1
4.167780	289	1
4.169100	352	1
4.170000	114	0
4.170360	903	1
4.171620	511	1
4.172100	333	1
4.173900	819	1
4.174680	442	1
4.176600	106	0
4.176840	388	1
4.180260	749	1
4.181280	118	0
4.182180	217	1
4.189500	793	1
4.189620	673	1
4.190220	209	0
4.190520	87	0
4.190700	463	1
4.190760	86	0
4.191240	527	1
4.193220	44	1
4.198020	20	1
4.198200	660	1
4.198320	561	1
4.201320	81	1
4.202520	641	1
4.203060	189	1
4.205880	29	1
4.206180	800	1
4.207920	757	1
4.211280	167	1
4.211580	224	1
4.214820	20	0
4.217460	208	1
4.219440	433	1
4.222140	264	1
4.224960	112	0
4.227720	720	1
4.227780	220	0
4.228500	99	0
4.228620	983	1
4.230960	508	1
4.233120	439	1
4.234740	606	1
4.236180	809	1
4.237320	132	1
4.237380	844	1
4.237740	747	1
4.238340	627	1
4.239480	57	0
4.240920	73	0
4.241700	225	1
4.245720	24	1
4.247880	704	1
4.249260	745	1
4.249380	558	1
4.252500	78	0
4.253400	64	0
4.255500	548	1
4.255920	865	1
4.258860	649	1
4.259100	994	1
4.261080	119	1
4.261860	152	1
4.266900	706	1
4.269420	376	1
4.269960	210	1
4.270140	117	1
4.270740	570	1
4.271160	192	1
4.272180	74	1
4.274160	748	1
4.274580	977	1
4.276620	526	1
4.277100	789	1
4.280460	205	1
4.280700	417	1
4.280700	801	1
4.281240	544	1
4.283220	711	1
4.286880	723	1
4.287240	51	1
4.288920	214	1
4.292520	444	1
4.293120	424	1
4.293540	484	1
4.295640	186	0
4.297260	36	0
4.297740	183	0
4.298220	630	1
4.300020	827	1
4.303140	73	1
4.303200	805	1
4.303680	42	0
4.305780	84	1
4.306980	604	1
4.308480	802	1
4.309380	148	1
4.316280	142	0
4.317120	619	1
4.321380	408	1
4.323060	83	1
4.325340	53	0
4.326120	32	1
4.328820	618	1
4.329000	795	1
4.329540	312	1
4.330680	220	0
4.336380	751	1
4.336620	884	1
4.337280	419	1
4.337460	185	1
4.340100	101	0
4.342080	987	1
4.342560	821	1
4.343460	861	1
4.350540	701	1
4.350660	843	1
4.358040	774	1
4.362300	409	1
4.362360	594	1
4.362780	870	1
4.362840	692	1
4.363680	219	1
4.365360	597	1
4.369740	662	1
4.370760	786	1
4.371900	337	1
4.372920	959	1
4.373460	418	1
4.378260	114	1
4.381620	611	1
4.382160	201	1
4.382880	118	0
4.383780	166	1
4.384800	892	1
4.387140	820	1
4.388340	209	0
4.393500	689	1
4.394640	543	1
4.394700	500	1
4.396200	122	1
4.396260	46	1
4.397640	634	1
4.403400	965	1
4.406520	646	1
4.407840	881	1
4.416540	647	1
4.416960	147	0
4.417560	467	1
4.419720	150	0
4.420680	738	1
4.421340	586	1
4.423320	700	1
4.425480	107	1
4.427160	263	1
4.429260	962	1
4.431540	663	1
4.432440	652	1
4.433580	557	1
4.436100	170	0
4.438200	600	1
4.443480	151	0
4.444440	129	1
4.446540	640	1
4.451340	39	0
4.452600	275	1
4.453020	847	1
4.453860	28	0
4.454940	457	1
4.455600	984	1
4.458420	929	1
4.459800	220	0
4.460220	568	1
4.463520	339	1
4.464600	53	1
4.469880	949	1
4.473960	36	0
4.475580	200	1
4.476780	351	1
4.478100	811	1
4.480860	358	1
4.489860	215	1
4.497120	62	1
4.498140	157	1
4.502100	698	1
4.502520	546	1
4.504440	709	1
4.508640	851	1
4.509300	721	1
4.511100	336	1
4.512720	221	1
4.513800	705	1
4.517160	991	1
4.524600	377	1
4.524960	702	1
4.533720	7	1
4.535160	421	1
4.542180	621	1
4.543440	912	1
4.546800	473	1
4.549500	955	1
4.550820	93	1
4.551240	911	1
4.553220	173	1
4.553940	248	1
4.556700	207	1
4.560540	218	1
4.560960	450	1
4.562580	878	1
4.564800	126	1
4.571640	967	1
4.574280	350	1
4.575060	971	1
4.576320	712	1
4.576860	40	0
4.577400	257	1
4.583820	156	1
4.587900	574	1
4.589940	57	1
4.593000	470	1
4.594260	105	1
4.594500	406	1
4.597680	440	1
4.599720	981	1
4.599900	859	1
4.601760	956	1
4.602420	573	1
4.603680	744	1
4.607400	776	1
4.609380	220	0
4.610940	944	1
4.613400	602	1
4.614720	933	1
4.618620	725	1
4.618740	36	0
4.619940	853	1
4.621140	729	1
4.621680	1006	1
4.621740	386	1
4.622280	724	1
4.623360	722	1
4.631160	118	0
4.631940	209	0
4.634340	918	1
4.634640	251	1
4.636620	234	1
4.639980	334	1
4.642620	931	1
4.643040	415	1
4.643520	85	1
4.644240	980	1
4.648620	806	1
4.651200	798	1
4.651560	226	1
4.659000	889	1
4.659180	717	1
4.659180	966	1
4.660260	765	1
4.663620	669	1
4.668360	718	1
4.670880	654	1
4.671660	430	1
4.671780	778	1
4.673160	720	1
4.674240	235	0
4.674360	320	1
4.674960	819	1
4.678380	1008	1
4.679880	943	1
4.682460	25	1
4.684080	220	0
4.684740	891	1
4.684920	677	1
4.686060	676	1
4.686960	169	1
4.688520	552	1
4.693020	276	1
4.695360	66	1
4.695660	39	0
4.699080	1013	1
4.699860	596	1
4.703700	172	1
4.704600	928	1
4.707240	923	1
4.710240	283	1
4.712700	581	1
4.720200	231	0
4.720320	245	1
4.721520	606	1
4.723860	197	1
4.725420	637	1
4.726560	922	1
4.728180	982	1
4.730400	711	1
4.731600	115	1
4.738320	16	1
4.743300	227	0
4.743600	399	1
4.747200	837	1
4.748820	707	1
4.752480	305	1
4.757760	793	1
4.763700	318	1
4.766520	963	1
4.766700	344	1
4.767600	15	1
4.771980	186	0
4.775160	165	0
4.780980	213	1
4.786440	111	1
4.788840	904	1
4.790460	749	1
4.795320	271	1
4.795800	324	1
4.797000	832	1
4.802040	304	1
4.803300	660	1
4.803660	348	1
4.804920	888	1
4.808160	716	1
4.808580	104	1
4.809120	67	1
4.812480	55	1
4.813380	790	1
4.814520	291	1
4.815600	220	0
4.816560	458	1
4.816920	764	1
4.822320	144	1
4.824060	706	1
4.824060	209	0
4.825080	803	1
4.825380	494	1
4.826520	412	1
4.828200	110	1
4.828800	95	1
4.829100	388	1
4.830480	220	1
4.832580	464	1
4.832940	121	1
4.835940	735	1
4.836780	356	1
4.838280	273	1
4.839420	476	1
4.841820	641	1
4.842900	277	1
4.846440	259	1
4.849980	149	1
4.852320	615	1
4.853160	723	1
4.854060	264	1
4.854360	627	1
4.854840	247	1
4.855020	161	1
4.857240	36	0
4.858560	285	1
4.860900	20	1
4.862820	708	1
4.862940	21	1
4.865280	781	1
4.866240	208	1
4.868220	56	1
4.868880	42	0
4.870500	289	1
4.873140	426	1
4.873680	62	0
4.873980	64	0
4.877700	924	1
4.878360	80	1
4.879680	383	1
4.882560	57	0
4.883340	262	1
4.883760	118	0
4.887420	536	1
4.888260	736	1
4.888740	353	1
4.890480	292	1
4.890720	223	1
4.892400	692	1
4.894680	101	0
4.895100	968	1
4.895460	750	1
4.896600	183	0
4.897380	365	1
4.897560	607	1
4.898520	994	1
4.899720	766	1
4.902900	337	1
4.906020	114	1
4.906200	869	1
4.906200	90	0
4.911000	91	1
4.911120	754	1
4.911360	86	0
4.913100	148	1
4.914540	68	0
4.914780	972	1
4.920300	29	1
4.923060	195	1
4.923720	78	0
4.924980	740	1
4.925520	20	0
4.926360	312	1
4.927560	236	1
4.931580	842	1
4.932240	290	1
4.939080	206	1
4.939380	449	1
4.939380	800	1
4.940280	408	1
4.940640	343	1
4.943400	827	1
4.948080	298	1
4.948800	225	1
4.952280	510	1
4.955580	220	0
4.956480	132	1
4.957740	861	1
4.958040	210	1
4.962720	876	1
4.962780	219	1
4.963620	704	1
4.966740	268	1
4.967640	439	1
4.968960	435	1
4.970580	323	1
4.971960	865	1
4.975320	362	1
4.983900	983	1
4.984260	987	1
4.988640	313	1
4.989120	730	1
4.994400	460	1
4.995120	433	1
4.997400	235	0
5.001900	53	0
5.002140	442	1
5.003220	805	1
5.005020	81	1
5.005740	537	1
5.007120	192	1
5.007600	527	1
5.010600	209	0
5.011380	308	1
5.011800	603	1
5.015820	42	0
5.017920	744	1
5.020860	795	1
5.021160	83	1
5.021700	398	1
5.022000	339	1
5.022480	836	1
5.022960	160	1
5.024040	215	1
5.026200	921	1
5.032620	98	0
5.037240	786	1
5.039400	512	1
5.040120	10	1
5.040480	167	1
5.041740	114	0
5.041800	64	0
5.042340	118	0
5.043120	446	1
5.043360	844	1
5.045520	376	1
5.046180	101	0
5.046600	263	1
5.047920	359	1
5.048580	561	1
5.050860	720	1
5.057280	220	0
5.058780	257	1
5.064180	106	0
5.066220	410	1
5.068980	843	1
5.071020	748	1
5.072100	870	1
5.073780	417	1
5.075700	738	1
5.077020	214	1
5.079600	284	1
5.079600	801	1
5.080920	73	0
5.081820	370	1
5.087520	883	1
5.090820	628	1
5.091960	407	1
5.096760	166	1
5.100900	293	1
5.101260	600	1
5.104080	630	1
5.106000	646	1
5.106000	87	0
5.106300	547	1
5.106780	88	1
5.106840	286	1
5.108520	558	1
5.108820	189	1
5.111460	406	1
5.112360	342	1
5.115420	77	0
5.117460	751	1
5.118660	90	0
5.119140	729	1
5.120820	821	1
5.121480	436	1
5.122860	243	1
5.124180	557	1
5.127540	438	1
5.131740	157	1
5.134080	61	0
5.136960	36	0
5.140440	440	1
5.140500	967	1
5.143020	151	1
5.143500	962	1
5.144880	747	1
5.148780	275	1
5.148900	456	1
5.151060	588	1
5.151180	218	1
5.151900	543	1
5.152740	306	1
5.154720	709	1
5.155380	434	1
5.157300	421	1
5.159880	400	1
5.160000	546	1
5.165760	454	1
5.168820	409	1
5.174040	845	1
5.175000	699	1
5.180100	757	1
5.180400	418	1
5.181840	415	1
5.183280	802	1
5.183760	147	0
5.186160	333	1
5.188800	427	1
5.193720	437	1
5.195280	118	0
5.195820	640	1
5.197200	486	1
5.198280	142	0
5.199480	809	1
5.199960	220	0
5.201280	586	1
5.202420	662	1
5.202660	248	1
5.204100	209	0
5.207340	717	1
5.209320	106	0
5.209740	105	0
5.209980	358	1
5.217840	150	1
5.218440	705	1
5.221560	881	1
5.222460	419	1
5.230680	371	1
5.231160	649	1
5.233320	470	1
5.234400	909	1
5.242620	663	1
5.245740	62	1
5.246700	505	1
5.248080	101	0
5.249220	511	1
5.251680	467	1
5.251980	701	1
5.253780	574	1
5.258400	597	1
5.261160	85	1
5.261640	484	1
5.269860	207	1
5.274540	452	1
5.274960	933	1
5.279220	466	1
5.279640	673	1
5.281200	602	1
5.281440	44	1
5.284980	431	1
5.293740	32	1
5.298660	819	1
5.298900	119	1
5.307960	347	1
5.310000	314	1
5.311200	820	1
5.315100	793	1
5.316180	573	1
5.316300	741	1
5.317020	117	1
5.319540	604	1
5.322780	156	1
5.323080	170	0
5.324220	606	1
5.325420	226	1
5.327820	548	1
5.330340	568	1
5.330640	336	1
5.333460	74	1
5.335140	118	0
5.339160	472	1
5.339220	711	1
5.339340	965	1
5.342400	806	1
5.342820	386	1
5.343600	618	1
5.344620	0	1
5.345040	570	1
5.345760	489	1
5.349480	508	1
5.351280	984	1
5.352780	706	1
5.356920	220	0
5.357880	912	1
5.359080	637	1
5.360040	245	1
5.362140	39	0
5.365800	151	0
5.370480	647	1
5.371980	857	1
5.374320	115	1
5.376960	458	1
5.377740	832	1
5.380140	150	0
5.381460	621	1
5.384100	955	1
5.384820	897	1
5.384940	596	1
5.385060	399	1
5.387460	526	1
5.389860	234	1
5.389860	42	0
5.391720	464	1
5.398620	853	1
5.398620	911	1
5.400660	133	0
5.401560	619	1
5.404380	473	1
5.405160	476	1
5.408520	764	1
5.413140	749	1
5.421000	350	1
5.422680	251	1
5.424480	101	0
5.426880	148	1
5.429160	209	0
5.429940	861	1
5.432880	627	1
5.433480	918	1
5.435820	884	1
5.439720	149	1
5.443320	594	1
5.448180	660	1
5.449860	93	0
5.450220	276	1
5.450340	689	1
5.450460	73	1
5.450640	220	0
5.451420	477	1
5.453040	765	1
5.460660	305	1
5.465820	114	1
5.467920	337	1
5.469840	677	1
5.470020	944	1
5.472600	321	1
5.474100	55	1
5.475300	778	1
5.479800	634	1
5.481420	533	1
5.483940	51	1
5.484060	107	1
5.489640	931	1
5.490060	811	1
5.492520	903	1
5.493300	93	1
5.496720	991	1
5.498520	943	1
5.498640	104	1
5.500380	720	1
5.500920	966	1
5.500980	449	1
5.509560	494	1
5.511180	447	1
5.514360	949	1
5.516160	723	1
5.517120	859	1
5.517600	928	1
5.519100	95	1
5.519820	20	1
5.522820	744	1
5.524740	67	1
5.525160	982	1
5.527740	463	1
5.527800	118	0
5.528700	264	1
5.529840	1006	1
5.530380	716	1
5.530800	790	1
5.531640	702	1
5.539620	36	0
5.540760	641	1
5.542560	220	0
5.548560	1008	1
5.549640	803	1
5.551260	388	1
5.554860	25	1
5.561940	324	1
5.567760	91	1
5.568720	959	1
5.569140	408	1
5.569920	183	0
5.576940	110	1
5.578500	29	1
5.580900	46	1
5.581080	994	1
5.582280	129	1
5.583480	80	1
5.585700	144	1
5.586900	611	1
5.587080	200	1
5.587200	729	1
5.587260	721	1
5.588760	735	1
5.588880	185	1
5.590080	209	0
5.594520	510	1
5.596140	426	1
5.601900	24	1
5.606100	339	1
5.610840	971	1
5.612760	692	1
5.613660	430	1
5.613720	527	1
5.617620	795	1
5.620320	968	1
5.620560	766	1
5.621880	173	1
5.623260	15	1
5.624460	20	0
5.629440	987	1
5.630820	412	1
5.633940	669	1
5.634960	439	1
5.635260	132	1
5.637060	235	0
5.638440	714	1
5.641500	962	1
5.647080	980	1
5.647440	170	0
5.648580	208	1
5.652600	406	1
5.653020	981	1
5.653800	607	1
5.656500	334	1
5.657580	957	1
5.660400	213	1
5.661660	157	1
5.662260	83	1
5.662740	271	1
5.663580	891	1
5.666580	53	1
5.672160	351	1
5.678100	36	0
5.680740	722	1
5.681100	219	1
5.686260	956	1
5.688900	929	1
5.690340	724	1
5.692980	283	1
5.693940	754	1
5.701260	1013	1
5.701740	983	1
5.703420	536	1
5.706120	220	0
5.707260	105	1
5.708100	7	1
5.709360	922	1
5.710560	101	0
5.711100	215	1
5.717820	798	1
5.718660	42	0
5.721900	843	1
5.722560	440	1
5.722920	106	0
5.729340	218	1
5.729340	118	0
5.729460	126	1
5.729520	967	1
5.730720	206	1
5.735280	750	1
5.736420	57	0
5.743080	66	1
5.744580	581	1
5.745060	292	1
5.745480	865	1
5.746800	81	1
5.751300	711	1
5.751420	557	1
5.754240	709	1
5.755020	254	1
5.755740	442	1
5.758800	615	1
5.759340	892	1
5.760360	192	1
5.764860	646	1
5.765040	172	1
5.767260	289	1
5.768220	717	1
5.769780	291	1
5.771520	869	1
5.772000	57	1
5.776920	415	1
5.782260	257	1
5.786340	889	1
5.794440	600	1
5.795820	220	0
5.798760	776	1
5.799300	542	1
5.800260	745	1
5.801340	312	1
5.803620	738	1
5.804760	870	1
5.806800	707	1
5.807580	225	1
5.810760	537	1
5.816340	39	0
5.819820	248	1
5.824500	197	1
5.824500	704	1
5.826060	705	1
5.826420	210	1
5.827620	167	1
5.833440	201	1
5.841300	169	1
5.844780	62	0
5.845080	561	1
5.846880	209	0
5.847660	740	1
5.850780	933	1
5.850840	226	1
5.851200	786	1
5.851320	85	1
5.857020	36	0
5.860620	819	1
5.861040	972	1
5.862120	223	1
5.863560	801	1
5.864820	730	1
5.865360	805	1
5.865540	855	1
5.867100	712	1
5.870460	320	1
5.874600	259	1
5.877420	247	1
5.879040	195	1
5.884980	153	1
5.886540	925	1
5.887860	53	0
5.887920	64	0
5.888340	720	1
5.890260	318	1
5.891220	606	1
5.895660	121	1
5.897100	546	1
5.899320	963	1
5.899500	111	1
5.899500	285	1
5.900280	188	1
5.902440	156	1
5.903580	273	1
5.906580	220	0
5.906880	61	0
5.909100	552	1
5.912160	122	1
5.913660	263	1
5.914320	543	1
5.915520	868	1
5.918520	630	1
5.923920	558	1
5.926980	43	0
5.927460	42	0
5.927520	161	1
5.928060	293	1
5.932140	16	1
5.938080	220	1
5.938080	418	1
5.938500	701	1
5.939220	41	0
5.939460	631	1
5.941320	304	1
5.941500	793	1
5.942160	640	1
5.944560	115	1
5.949900	344	1
5.950080	166	1
5.953620	290	1
5.954580	748	1
5.958240	409	1
5.960700	245	1
5.962380	574	1
5.962380	832	1
5.963100	433	1
5.963400	148	1
5.963520	399	1
5.966520	114	1
5.970120	207	1
5.972160	125	1
5.972400	236	1
5.975640	276	1
5.977320	706	1
5.978760	214	1
5.979540	235	0
5.983800	118	0
5.984520	305	1
5.984820	602	1
5.985480	586	1
5.986500	573	1
5.989620	84	1
5.993280	588	1
5.996640	446	1
6.001740	268	1
6.001980	39	0
6.003420	827	1
6.003780	302	1
6.004260	62	1
6.005160	676	1
6.005220	744	1
6.006480	904	1
6.007140	800	1
6.010560	295	1
6.014160	149	1
6.014160	343	1
6.016920	861	1
6.017340	262	1
6.021060	376	1
6.021300	749	1
6.022380	362	1
6.023580	365	1
6.024900	40	0
6.025200	220	0
6.025740	233	1
6.026160	101	0
6.026640	417	1
6.028440	36	0
6.033840	358	1
6.035160	104	1
6.035340	209	0
6.036060	277	1
6.037200	729	1
6.037560	66	0
6.038100	275	1
6.038400	215	1
6.038940	78	0
6.044160	298	1
6.044460	337	1
6.046440	80	0
6.046560	342	1
6.048900	359	1
6.049380	637	1
6.050280	189	1
6.050760	764	1
6.051360	86	0
6.052800	596	1
6.054000	324	1
6.054300	151	1
6.055080	751	1
6.055560	90	0
6.058860	662	1
6.061560	261	1
6.065340	64	0
6.074460	484	1
6.076140	965	1
6.077040	570	1
6.078420	56	1
6.080820	353	1
6.083040	660	1
6.083160	458	1
6.083760	398	1
6.084360	464	1
6.085380	621	1
6.094260	119	1
6.094740	924	1
6.094800	627	1
6.095220	93	0
6.099420	42	0
6.100260	350	1
6.100620	410	1
6.100980	39	1
6.103500	836	1
6.104400	250	1
6.104520	845	1
6.105960	308	1
6.107160	821	1
6.109680	955	1
6.109800	55	1
6.115140	723	1
6.115380	597	1
6.117180	264	1
6.119220	473	1
6.119340	383	1
6.119520	100	0
6.123900	95	1
6.124680	911	1
6.127080	747	1
6.127500	339	1
6.128160	243	1
6.131040	32	1
6.132780	663	1
6.134820	21	1
6.136080	313	1
6.137700	73	0
6.138600	684	1
6.139920	765	1
6.140160	438	1
6.142500	218	1
6.142680	336	1
6.145260	460	1
6.146040	844	1
6.146520	421	1
6.148200	408	1
6.148620	333	1
6.150060	406	1
6.151140	370	1
6.155580	87	0
6.156720	118	0
6.158400	224	1
6.158460	962	1
6.159360	649	1
6.159360	757	1
6.161160	392	1
6.163320	98	0
6.163740	88	1
6.166140	220	0
6.167520	802	1
6.171180	20	1
6.173640	544	1
6.174300	594	1
6.174840	68	0
6.175620	61	0
6.177360	91	1
6.180060	400	1
6.184200	322	1
6.184560	77	0
6.187080	547	1
6.187140	183	0
6.187560	716	1
6.189180	323	1
6.189840	605	1
6.189900	90	0
6.190500	809	1
6.190680	467	1
6.192420	795	1
6.193560	806	1
6.194640	1022	1
6.195600	449	1
6.196080	604	1
6.196620	641	1
6.197220	85	0
6.205380	718	1
6.205860	698	1
6.209700	217	1
6.213840	102	0
6.220560	150	0
6.220800	437	1
6.222120	470	1
6.222180	386	1
6.226380	219	1
6.231780	440	1
6.233700	221	1
6.236280	29	1
6.236700	439	1
6.236760	853	1
6.239940	196	1
6.242040	163	1
6.246120	454	1
6.247140	101	0
6.250320	568	1
6.252540	147	0
6.252960	527	1
6.254100	647	1
6.254640	93	1
6.257040	476	1
6.258000	510	1
6.260520	106	0
6.260940	994	1
6.261000	110	1
6.264900	820	1
6.265440	790	1
6.266100	117	1
6.267600	72	1
6.268260	39	0
6.268800	607	1
6.271200	489	1
6.273180	717	1
6.274680	436	1
6.274980	371	1
6.277920	472	1
6.277980	118	0
6.283380	209	0
6.284100	456	1
6.286140	205	1
6.286320	15	1
6.287640	415	1
6.288960	511	1
6.293040	36	0
6.293280	982	1
6.293400	735	1
6.294360	912	1
6.294720	57	0
6.295740	711	1
6.297300	20	0
6.298800	918	1
6.302040	67	1
6.310920	157	1
6.316020	494	1
6.317940	412	1
6.318300	0	1
6.318720	628	1
6.320220	505	1
6.321600	618	1
6.327240	132	1
6.328800	220	0
6.330360	248	1
6.331080	881	1
6.331440	619	1
6.332520	208	1
6.334560	453	1
6.335220	987	1
6.335820	984	1
6.336480	778	1
6.338100	407	1
6.339360	234	1
6.341160	512	1
6.342660	348	1
6.343860	419	1
6.346980	251	1
6.347580	452	1
6.352140	1006	1
6.353040	271	1
6.354300	107	1
6.354840	931	1
6.357900	878	1
6.359220	114	0
6.359880	814	1
6.366420	44	1
6.366780	811	1
6.368160	446	1
6.368940	192	1
6.370740	966	1
6.376440	288	1
6.380040	991	1
6.380820	74	1
6.382260	600	1
6.387180	457	1
6.389040	80	1
6.390600	843	1
6.391800	766	1
6.392520	943	1
6.393000	134	0
6.394800	803	1
6.394860	968	1
6.398880	944	1
6.400140	466	1
6.400320	967	1
6.400800	388	1
6.402360	508	1
6.403020	1008	1
6.403500	101	0
6.404460	634	1
6.408840	375	1
6.409500	83	1
6.409560	152	1
6.409680	819	1
6.411720	692	1
6.414420	928	1
6.417480	548	1
6.418620	25	1
6.419280	435	1
6.424260	442	1
6.431280	490	1
6.435900	606	1
6.436380	220	0
6.440400	870	1
6.441780	720	1
6.442800	434	1
6.447120	652	1
6.448440	481	1
6.448500	557	1
6.451080	144	1
6.451560	227	0
6.454080	106	0
6.457980	754	1
6.458640	832	1
6.460020	750	1
6.460920	118	0
6.461820	209	0
6.462240	983	1
6.463620	42	0
6.470880	430	1
6.480960	669	1
6.481800	933	1
6.481920	536	1
6.487860	884	1
6.487920	495	1
6.490620	486	1
6.491580	426	1
6.499440	206	1
6.500880	431	1
6.501540	537	1
6.506880	51	1
6.507000	949	1
6.508980	744	1
6.509400	283	1
6.509640	85	1
6.509880	603	1
6.511140	546	1
6.514500	534	1
6.518580	646	1
6.523860	729	1
6.525420	148	1
6.536160	971	1
6.538620	289	1
6.540120	793	1
6.541680	210	1
6.541800	292	1
6.541800	220	0
6.543120	749	1
6.547740	114	1
6.547980	615	1
6.548460	115	1
6.554100	226	1
6.559620	482	1
6.559920	786	1
6.560700	81	1
6.562980	418	1
6.566460	709	1
6.568380	705	1
6.571200	798	1
6.571800	865	1
6.572520	573	1
6.574320	738	1
6.581100	574	1
6.584400	706	1
6.586320	399	1
6.589860	73	1
6.590700	477	1
6.591240	464	1
6.597540	805	1
6.606480	602	1
6.607260	173	1
6.611520	458	1
6.612060	62	1
6.615600	409	1
6.616740	109	1
6.618420	721	1
6.619080	702	1
6.619380	980	1
6.624720	526	1
6.627600	324	1
6.631140	689	1
6.633060	220	0
6.634440	500	1
6.634620	745	1
6.635220	869	1
6.635940	156	1
6.638880	543	1
6.639660	673	1
6.641160	149	1
6.644940	118	0
6.645360	337	1
6.648900	789	1
6.650640	24	1
6.651900	861	1
6.653580	581	1
6.655680	725	1
6.661680	730	1
6.663840	305	1
6.664440	351	1
6.664740	965	1
6.665100	276	1
6.666780	740	1
6.672960	630	1
6.673920	126	1
6.677520	129	1
6.687300	922	1
6.687960	408	1
6.691440	312	1
6.695820	570	1
6.697500	36	0
6.700140	207	1
6.706380	704	1
6.706800	291	1
6.708240	903	1
6.709980	339	1
6.710940	611	1
6.711420	209	0
6.712020	962	1
6.712440	1013	1
6.714900	200	1
6.715500	981	1
6.716340	46	1
6.718080	257	1
6.718200	225	1
6.718380	806	1
6.719040	761	1
6.719220	627	1
6.720660	215	1
6.720840	955	1
6.721140	722	1
6.722160	491	1
6.722820	558	1
6.723120	637	1
6.724620	195	1
6.725100	660	1
6.726540	561	1
6.728280	956	1
6.728820	42	0
6.729420	723	1
6.730380	218	1
6.731460	701	1
6.737580	764	1
6.740460	596	1
6.741060	801	1
6.742920	586	1
6.743580	55	1
6.744420	245	1
6.749220	607	1
6.750420	180	0
6.753120	859	1
6.754140	677	1
6.754200	101	0
6.754560	66	1
6.755100	640	1
6.755880	160	1
6.755880	959	1
6.756720	213	1
6.760200	711	1
6.762360	147	0
6.765960	220	0
6.766140	170	0
6.766980	264	1
6.767040	151	0
6.767460	716	1
6.767820	104	1
6.770220	185	1
6.774780	376	1
6.776100	827	1
6.779280	64	0
6.780180	765	1
6.780240	851	1
6.782040	776	1
6.785340	358	1
6.786600	167	1
6.787320	105	1
6.787740	57	0
6.787920	800	1
6.791280	724	1
6.791640	440	1
6.791760	183	0
6.794400	717	1
6.797580	39	0
6.798000	406	1
6.799920	263	1
6.805620	53	1
6.805740	95	1
6.813480	169	1
6.814200	455	1
6.819540	20	1
6.819720	66	0
6.820740	774	1
6.821040	720	1
6.822660	748	1
6.823860	36	0
6.825420	662	1
6.830460	157	1
6.841800	415	1
6.842280	43	0
6.844680	214	1
6.846240	334	1
6.852780	484	1
6.853980	44	0
6.855120	7	1
6.857880	219	1
6.862440	247	1
6.864240	197	1
6.872940	641	1
6.874440	151	1
6.876180	736	1
6.876960	891	1
6.877620	277	1
6.878460	320	1
6.882300	29	1
6.886860	111	1
6.889740	473	1
6.890220	795	1
6.892500	186	0
6.895200	707	1
6.896220	663	1
6.897300	220	1
6.897840	91	1
6.899520	693	1
6.907500	921	1
6.915840	275	1
6.916980	843	1
6.918540	306	1
6.920280	597	1
6.921600	161	1
6.921960	318	1
6.930720	166	1
6.931500	42	0
6.934200	747	1
6.936120	304	1
6.940800	621	1
6.942120	712	1
6.956880	248	1
6.958320	189	1
6.959400	417	1
6.959880	757	1
6.963000	433	1
6.963540	729	1
6.966000	57	1
6.967620	350	1
6.968520	220	0
6.969780	259	1
6.973680	439	1
6.973860	967	1
6.975780	527	1
6.983040	236	1
6.984960	273	1
6.987720	132	1
6.988980	994	1
6.992280	209	0
6.994020	223	1
6.994380	342	1
6.996120	254	1
6.998160	449	1
7.008180	744	1
7.010580	467	1
7.012620	510	1
7.013760	494	1
7.014000	110	1
7.016160	64	0
7.018620	386	1
7.020900	286	1
7.021020	36	0
7.023540	61	0
7.023600	987	1
7.027560	606	1
7.027800	101	0
7.030080	192	1
7.030260	32	1
7.030740	892	1
7.032480	343	1
7.037700	118	0
7.047120	819	1
7.047840	692	1
7.050480	201	1
7.051020	619	1
7.051920	80	1
7.057680	790	1
7.059360	735	1
7.064220	262	1
7.064340	421	1
7.072980	172	1
7.073580	933	1
7.078500	362	1
7.078980	793	1
7.089480	285	1
7.092600	968	1
7.095780	268	1
7.096980	751	1
7.097520	398	1
7.098720	148	1
7.099440	336	1
7.102740	344	1
7.105620	853	1
7.105740	604	1
7.109160	832	1
7.109940	208	1
7.110780	114	1
7.111500	412	1
7.112160	220	0
7.112640	929	1
7.115580	844	1
7.115940	251	1
7.116180	83	1
7.116720	706	1
7.117620	115	1
7.118220	16	1
7.120500	647	1
7.120680	600	1
7.123200	85	1
7.123320	676	1
7.130100	750	1
7.130460	557	1
7.130460	86	0
7.137000	512	1
7.139040	314	1
7.140780	121	1
7.146720	388	1
7.147020	911	1
7.150080	209	0
7.151940	984	1
7.152120	821	1
7.154040	271	1
7.159380	912	1
7.159800	802	1
7.162680	298	1
7.164540	470	1
7.165080	284	1
7.165560	28	0
7.166580	15	1
7.168200	117	1
7.169520	966	1
7.170360	305	1
7.172100	983	1
7.173060	594	1
7.173180	276	1
7.173960	93	1
7.174920	67	1
7.175220	442	1
7.178040	365	1
7.179120	476	1
7.179420	766	1
7.182000	649	1
7.182900	101	0
7.188720	464	1
7.189860	359	1
7.191000	870	1
7.194900	918	1
7.200780	820	1
7.201320	781	1
7.205040	786	1
7.206420	88	1
7.206960	944	1
7.207140	220	0
7.207500	928	1
7.208160	356	1
7.209960	778	1
7.210080	931	1
7.211700	809	1
7.212120	646	1
7.212360	861	1
7.215180	982	1
7.215480	754	1
7.216020	243	1
7.216620	738	1
7.219380	227	0
7.219980	588	1
7.221960	144	1
7.228320	720	1
7.231680	618	1
7.235760	215	1
7.236060	289	1
7.237440	943	1
7.238580	337	1
7.240200	399	1
7.241880	149	1
7.242180	574	1
7.243620	573	1
7.244220	552	1
7.249740	749	1
7.249980	353	1
7.250340	107	1
7.250400	78	0
7.251180	458	1
7.251840	339	1
7.253340	546	1
7.255860	36	0
7.256820	324	1
7.259400	435	1
7.261260	210	1
7.261560	313	1
7.261740	432	1
7.265520	312	1
7.265940	438	1
7.267320	234	1
7.267560	878	1
7.269300	881	1
7.270800	118	0
7.272180	536	1
7.272660	90	0
7.274460	378	1
7.276380	410	1
7.278660	370	1
7.281540	1008	1
7.282200	803	1
7.282260	257	1
7.282620	56	1
7.283580	308	1
7.283880	226	1
7.286400	805	1
7.287300	93	0
7.289280	1006	1
7.291560	186	0
7.296000	798	1
7.299960	25	1
7.299960	57	0
7.300620	68	0
7.300980	709	1
7.306680	218	1
7.307160	235	0
7.308240	889	1
7.309500	283	1
7.312260	220	0
7.317840	88	0
7.318740	836	1
7.320840	543	1
7.321440	811	1
7.321620	440	1
7.324320	87	0
7.325400	460	1
7.328520	188	1
7.329960	454	1
7.331820	408	1
7.332300	711	1
7.334340	845	1
7.336620	209	0
7.336980	98	0
7.337340	62	1
7.341420	245	1
7.344060	426	1
7.345920	717	1
7.347900	991	1
7.350660	547	1
7.350720	741	1
7.351920	74	1
7.353420	42	0
7.354800	106	0
7.354860	61	0
7.355820	602	1
7.356420	718	1
7.357740	55	1
7.359180	290	1
7.362000	865	1
7.363080	888	1
7.363380	972	1
7.368000	537	1
7.368060	406	1
7.368360	407	1
7.369440	627	1
7.369500	119	1
7.369980	764	1
7.370880	114	0
7.371000	409	1
7.371120	264	1
7.375560	376	1
7.378740	446	1
7.382100	723	1
7.383000	511	1
7.385160	418	1
7.386540	949	1
7.386900	118	0
7.395960	436	1
7.397880	955	1
7.399380	400	1
7.411800	101	0
7.413060	456	1
7.413780	261	1
7.413840	570	1
7.424160	452	1
7.424700	596	1
7.424940	220	0
7.427760	224	1
7.428840	44	1
7.429860	277	1
7.430460	211	0
7.432560	962	1
7.433160	630	1
7.433460	156	1
7.433700	660	1
7.436460	765	1
7.437240	857	1
7.441080	615	1
7.441200	358	1
7.442040	437	1
7.443000	806	1
7.444380	637	1
7.445640	819	1
7.446120	104	1
7.447560	561	1
7.450500	607	1
7.450980	51	1
7.451760	714	1
7.455900	430	1
7.456020	505	1
7.457460	352	1
7.458240	20	1
7.458660	634	1
7.460580	472	1
7.460700	207	1
7.461120	548	1
7.461540	415	1
7.462320	206	1
7.462560	842	1
7.471260	705	1
7.473900	558	1
7.474560	628	1
7.477560	147	0
7.477980	884	1
7.479720	291	1
7.481820	729	1
7.490340	225	1
7.491000	319	1
7.491180	434	1
7.491480	869	1
7.492260	489	1
7.492260	847	1
7.493700	716	1
7.494780	95	1
7.495740	0	1
7.499400	897	1
7.502880	122	1
7.507260	219	1
7.507500	81	1
7.508640	801	1
7.509840	118	0
7.510140	740	1
7.512060	527	1
7.514460	209	0
7.515660	64	0
7.518960	297	1
7.519380	457	1
7.521000	586	1
7.521600	568	1
7.528440	220	0
7.529700	106	0
7.530420	383	1
7.530960	689	1
7.531200	640	1
7.532280	292	1
7.534080	963	1
7.534680	669	1
7.536120	744	1
7.536960	641	1
7.537380	730	1
7.539480	980	1
7.542240	36	0
7.547520	662	1
7.548300	91	1
7.548960	29	1
7.550340	971	1
7.550580	151	0
7.550940	924	1
7.555140	157	1
7.555260	855	1
7.555920	606	1
7.556520	148	1
7.557120	42	0
7.557240	39	0
7.559940	795	1
7.560420	263	1
7.562280	439	1
7.567920	965	1
7.574340	748	1
7.576500	21	1
7.576860	248	1
7.577880	150	0
7.579080	417	1
7.580220	542	1
7.584960	701	1
7.586400	224	0
7.586940	235	0
7.591080	843	1
7.593300	837	1
7.600620	170	0
7.600680	883	1
7.604280	800	1
7.606320	84	1
7.609020	419	1
7.613040	859	1
7.616280	466	1
7.618020	508	1
7.619400	494	1
7.619580	101	0
7.630980	392	1
7.632060	692	1
7.635840	706	1
7.641000	295	1
7.643580	702	1
7.645200	275	1
7.649940	449	1
7.652700	720	1
7.653180	967	1
7.659240	195	1
7.659300	597	1
7.660140	544	1
7.664940	10	1
7.672200	118	0
7.674360	790	1
7.674720	956	1
7.675200	677	1
7.679280	868	1
7.681020	209	0
7.683420	698	1
7.683840	526	1
7.687860	484	1
7.690560	663	1
7.695300	114	1
7.697220	704	1
7.700280	724	1
7.700880	167	1
7.701360	832	1
7.701900	621	1
7.704060	510	1
7.705260	994	1
7.705500	214	1
7.705500	904	1
7.706340	73	1
7.707180	827	1
7.708980	220	0
7.709820	115	1
7.718640	350	1
7.719600	557	1
7.723020	711	1
7.723920	1013	1
7.727940	132	1
7.729320	464	1
7.729980	192	1
7.731540	793	1
7.744020	909	1
7.746120	110	1
7.748520	735	1
7.753260	987	1
7.753920	722	1
7.754400	151	1
7.754640	129	1
7.755300	453	1
7.756800	700	1
7.756920	933	1
7.760220	707	1
7.761840	747	1
7.771800	32	1
7.774140	149	1
7.775460	721	1
7.781040	981	1
7.782540	776	1
7.784820	750	1
7.788240	581	1
7.789140	42	0
7.790700	85	1
7.790700	173	1
7.791120	247	1
7.792260	861	1
7.796640	126	1
7.800600	215	1
7.802340	36	0
7.807440	786	1
7.808820	334	1
7.809060	673	1
7.809300	467	1
7.813740	183	0
7.814460	749	1
7.816740	80	1
7.817040	473	1
7.818000	388	1
7.820640	922	1
7.823280	83	1
7.824360	24	1
7.831860	189	1
7.832400	220	0
7.836900	412	1
7.839420	213	1
7.839840	66	1
7.842060	891	1
7.848600	55	1
7.852260	870	1
7.852560	709	1
7.855380	200	1
7.856340	53	1
7.859580	968	1
7.860360	386	1
7.860420	333	1
7.861800	778	1
7.863060	646	1
7.863720	757	1
7.866120	574	1
7.875000	218	1
7.880100	512	1
7.880340	44	0
7.881240	442	1
7.882500	959	1
7.883820	209	0
7.893540	39	0
7.894440	343	1
7.895580	46	1
7.896180	166	1
7.896420	318	1
7.896900	339	1
7.896960	573	1
7.897320	440	1
7.901160	337	1
7.902300	185	1
7.902480	348	1
7.903260	766	1
7.905180	170	0
7.906860	660	1
7.909560	738	1
7.912560	717	1
7.914600	853	1
7.916100	399	1
7.917480	774	1
7.918920	197	1
7.919820	371	1
7.921500	305	1
7.923780	276	1
7.932660	351	1
7.934520	911	1
7.934700	984	1
7.937640	546	1
7.938960	433	1
7.943040	169	1
7.943520	251	1
7.945380	903	1
7.948380	144	1
7.948500	723	1
7.951740	161	1
7.952760	918	1
7.953480	210	1
7.953840	912	1
7.955640	90	0
7.956480	408	1
7.957080	805	1
7.962360	966	1
7.966140	220	0
7.966860	458	1
7.967160	627	1
7.967880	406	1
7.968300	983	1
7.972800	600	1
7.973340	36	0
7.973880	93	1
7.974060	962	1
7.974540	117	1
7.975080	819	1
7.982040	320	1
7.983360	15	1
7.983840	426	1
7.985880	928	1
7.986120	118	0
7.986420	101	0
7.989600	78	0
7.990620	172	1
7.991400	98	0
7.997100	220	1
7.999500	729	1
8.000700	476	1
8.001480	226	1
8.001900	264	1
8.004000	227	0
8.006340	751	1
8.007120	111	1
8.008860	944	1
8.011680	619	1
8.011980	245	1
8.016120	156	1
8.019360	324	1
8.021760	764	1
8.022420	235	0
8.022780	931	1
8.023020	7	1
8.025240	201	1
8.025540	421	1
8.026080	943	1
8.026860	259	1
8.028180	208	1
8.029560	42	0
8.030580	925	1
8.036460	431	1
8.038620	604	1
8.038800	257	1
8.041500	982	1
8.043000	105	1
8.044500	744	1
8.046960	606	1
8.048280	53	0
8.048280	57	0
8.051160	236	1
8.054400	647	1
8.057220	25	1
8.061120	106	0
8.063100	321	1
8.063880	64	0
8.067360	61	0
8.067900	20	0
8.069100	712	1
8.071380	1006	1
8.077500	543	1
8.079300	754	1
8.079420	289	1
8.080200	955	1
8.083200	67	1
8.087520	220	0
8.089020	209	0
8.091060	219	1
8.092680	62	1
8.095200	415	1
8.096700	323	1
8.097420	20	1
8.099640	336	1
8.102280	536	1
8.103360	312	1
8.106240	676	1
8.108400	358	1
8.114040	720	1
8.114460	57	1
8.115600	254	1
8.115960	602	1
8.121780	798	1
8.121840	1008	1
8.123040	271	1
8.126040	365	1
8.128860	607	1
8.129580	285	1
8.133900	207	1
8.135820	446	1
8.136480	234	1
8.140680	104	1
8.142000	304	1
8.142120	618	1
8.142300	157	1
8.148300	273	1
8.149020	892	1
8.149200	148	1
8.149560	570	1
8.149680	68	0
8.150340	223	1
8.150640	603	1
8.152620	121	1
8.155560	594	1
8.157600	923	1
8.166240	150	0
8.168940	283	1
8.169660	637	1
8.170800	262	1
8.170800	62	0
8.171280	611	1
8.173380	248	1
8.173440	596	1
8.173860	376	1
8.174040	206	1
8.176140	268	1
8.177700	820	1
8.182560	706	1
8.183640	152	1
8.184180	36	0
8.185260	101	0
8.191440	409	1
8.192040	356	1
8.195640	418	1
8.197140	151	0
8.198580	630	1
8.200020	125	1
8.206980	641	1
8.209320	344	1
8.211720	147	0
8.213580	220	0
8.215740	809	1
8.216100	716	1
8.220120	313	1
8.221740	803	1
8.222760	225	1
8.222820	39	0
8.224260	359	1
8.224380	765	1
8.225040	115	1
8.228160	881	1
8.229720	95	1
8.233920	114	1
8.234160	60	0
8.239380	649	1
8.247000	821	1
8.247300	949	1
8.253720	88	1
8.253960	486	1
8.254020	537	1
8.254140	377	1
8.254260	362	1
8.254440	290	1
8.256240	90	0
8.260680	711	1
8.264820	39	1
8.266200	277	1
8.266200	705	1
8.271600	802	1
8.276460	28	0
8.277600	640	1
8.277900	410	1
8.279520	16	1
8.280840	692	1
8.281620	972	1
8.286360	430	1
8.286660	353	1
8.291280	291	1
8.299140	42	0
8.300220	91	1
8.300460	438	1
8.308740	298	1
8.310060	561	1
8.310360	308	1
8.315220	417	1
8.317020	558	1
8.317800	119	1
8.320260	843	1
8.321820	439	1
8.322240	293	1
8.323080	795	1
8.324700	306	1
8.324880	107	1
8.329320	342	1
8.331120	933	1
8.335020	967	1
8.336220	615	1
8.336400	494	1
8.336700	81	1
8.336880	586	1
8.337420	725	1
8.337540	74	1
8.343180	994	1
8.344320	449	1
8.347440	588	1
8.348760	473	1
8.352960	470	1
8.360460	118	0
8.360820	370	1
8.361360	634	1
8.363040	101	0
8.365020	811	1
8.365380	220	0
8.366220	398	1
8.366400	85	1
8.366820	215	1
8.367000	460	1
8.367120	53	0
8.367360	832	1
8.368260	110	1
8.369640	527	1
8.370060	244	1
8.373600	305	1
8.375400	86	0
8.376960	407	1
8.377260	314	1
8.379600	464	1
8.385180	149	1
8.385720	85	0
8.390640	51	1
8.391120	292	1
8.391720	247	1
8.395020	806	1
8.396280	865	1
8.396400	275	1
8.397540	243	1
8.397780	209	0
8.398200	869	1
8.399280	510	1
8.401560	987	1
8.402040	337	1
8.404260	36	0
8.405100	730	1
8.405400	192	1
8.405700	263	1
8.407620	456	1
8.413080	484	1
8.415120	557	1
8.415960	284	1
8.416080	547	1
8.417460	597	1
8.418360	662	1
8.418420	218	1
8.419440	454	1
8.421600	965	1
8.424420	790	1
8.426040	64	0
8.426880	435	1
8.427120	568	1
8.427180	844	1
8.428320	73	0
8.429460	322	1
8.429640	861	1
8.432400	749	1
8.432940	400	1
8.435520	142	0
8.437020	217	1
8.437380	68	0
8.437560	295	1
8.438880	0	1
8.439660	220	0
8.442840	286	1
8.443920	511	1
8.446740	98	0
8.447460	339	1
8.447520	406	1
8.448120	793	1
8.451900	552	1
8.453820	61	0
8.454240	350	1
8.454540	729	1
8.455680	878	1
8.457180	57	0
8.458860	440	1
8.460900	261	1
8.462640	80	1
8.463600	437	1
8.468280	447	1
8.470920	78	0
8.471340	213	1
8.478600	118	0
8.479080	689	1
8.481120	343	1
8.482080	740	1
8.482500	476	1
8.484240	106	0
8.484600	436	1
8.487180	122	1
8.488260	717	1
8.488740	55	1
8.491140	621	1
8.491200	836	1
8.491380	214	1
8.493060	77	0
8.494980	87	0
8.495400	29	1
8.495760	962	1
8.496780	991	1
8.499720	83	1
8.503740	419	1
8.505120	505	1
8.506260	574	1
8.507700	489	1
8.508120	786	1
8.510100	482	1
8.517900	819	1
8.520000	173	1
8.520840	646	1
8.523420	132	1
8.523900	800	1
8.527320	195	1
8.528400	750	1
8.528520	56	1
8.529780	219	1
8.530260	573	1
8.531460	548	1
8.533140	971	1
8.536500	114	0
8.539080	735	1
8.540160	378	1
8.544360	845	1
8.549700	44	1
8.550720	748	1
8.551980	272	1
8.553660	412	1
8.553780	870	1
8.557980	827	1
8.559240	660	1
8.559360	386	1
8.559780	744	1
8.562480	606	1
8.567280	297	1
8.569380	467	1
8.569440	220	0
8.571240	546	1
8.572740	720	1
8.574000	663	1
8.574480	302	1
8.577000	980	1
8.578260	452	1
8.579760	723	1
8.581620	458	1
8.584080	968	1
8.584680	801	1
8.585340	701	1
8.587800	167	1
8.591640	704	1
8.592000	446	1
8.594700	434	1
8.600100	209	0
8.604300	884	1
8.605920	472	1
8.606040	600	1
8.608620	508	1
8.609100	738	1
8.610240	388	1
8.615340	627	1
8.615640	442	1
8.616240	669	1
8.617200	778	1
8.618460	101	0
8.619420	324	1
8.620500	581	1
8.622720	251	1
8.623260	534	1
8.625300	745	1
8.626380	129	1
8.626440	134	0
8.628360	709	1
8.628480	415	1
8.630520	118	0
8.634660	32	1
8.634840	766	1
8.636160	399	1
8.638080	481	1
8.641920	427	1
8.642640	333	1
8.644440	721	1
8.644740	151	1
8.645400	421	1
8.648640	747	1
8.649540	477	1
8.650140	706	1
8.651160	702	1
8.652780	805	1
8.654520	533	1
8.659140	512	1
8.660220	718	1
8.661060	245	1
8.661840	764	1
8.661840	956	1
8.666400	170	0
8.668560	853	1
8.669160	183	0
8.669520	106	0
8.670000	276	1
8.671560	408	1
8.671980	93	0
8.673900	776	1
8.677740	684	1
8.680860	112	0
8.681820	789	1
8.685540	148	1
8.688960	165	0
8.694180	111	0
8.695320	757	1
8.696760	711	1
8.696760	36	0
8.703060	264	1
8.704800	859	1
8.707380	156	1
8.709900	628	1
8.714100	707	1
8.715960	189	1
8.716860	220	0
8.720040	921	1
8.721900	375	1
8.724000	180	0
8.725380	677	1
8.725920	248	1
8.726160	722	1
8.727540	186	0
8.729880	984	1
8.730660	463	1
8.731740	983	1
8.732580	1013	1
8.737620	208	1
8.738880	226	1
8.745120	918	1
8.745480	966	1
8.745780	42	0
8.746800	500	1
8.749440	761	1
8.750880	157	1
8.757120	491	1
8.758260	90	0
8.760060	754	1
8.763240	741	1
8.764080	15	1
8.767860	911	1
8.768520	736	1
8.768820	426	1
8.769960	210	1
8.772660	144	1
8.775900	466	1
8.776680	928	1
8.782920	543	1
8.784180	334	1
8.784900	743	1
8.785920	798	1
8.785980	955	1
8.791680	931	1
8.791800	20	1
8.794080	57	0
8.794740	843	1
8.797560	982	1
8.800500	716	1
8.802960	912	1
8.803200	943	1
8.803860	227	0
8.806980	220	0
8.813940	257	1
8.815440	172	1
8.815980	209	0
8.816940	73	1
8.817240	418	1
8.817720	118	0
8.819580	235	0
8.826000	981	1
8.830680	751	1
8.834100	602	1
8.834580	889	1
8.834760	607	1
8.835060	692	1
8.835480	183	0
8.836500	67	1
8.839680	705	1
8.840340	724	1
8.847900	200	1
8.852460	698	1
8.854320	106	0
8.856900	536	1
8.857200	944	1
8.857320	114	1
8.858640	39	0
8.862420	967	1
8.868300	115	1
8.869260	673	1
8.873280	62	1
8.875860	358	1
8.876160	289	1
8.881020	207	1
8.882820	409	1
8.886600	258	1
8.893500	765	1
8.894820	104	1
8.895120	1006	1
8.897220	933	1
8.901300	619	1
8.906700	570	1
8.909160	596	1
8.910120	126	1
8.910360	1008	1
8.917080	176	1
8.917080	376	1
8.918460	922	1
8.918940	206	1
8.921160	93	1
8.921940	169	1
8.924760	220	0
8.926020	197	1
8.928720	166	1
8.931780	630	1
8.933940	234	1
8.939460	42	0
8.944200	637	1
8.945220	457	1
8.945520	929	1
8.949600	36	0
8.951760	312	1
8.956560	215	1
8.957340	641	1
8.957700	604	1
8.958360	95	1
8.963100	647	1
8.966520	416	1
8.967360	161	1
8.967600	676	1
8.969400	652	1
8.970720	720	1
8.971500	433	1
8.972820	205	1
8.975100	110	1
8.984220	170	0
8.986260	62	0
8.987880	963	1
8.989140	151	0
8.989440	557	1
8.991120	406	1
8.992800	994	1
8.996940	147	0
8.999400	150	0
8.999640	793	1
9.000660	717	1
9.002340	594	1
9.004080	537	1
9.004620	729	1
9.005280	959	1
9.012480	219	1
9.012540	85	1
9.015180	111	1
9.017280	337	1
9.017460	318	1
9.018360	25	1
9.018960	66	1
9.021240	46	1
9.021840	440	1
9.022380	924	1
9.025740	987	1
9.027540	618	1
9.027960	117	1
9.028140	225	1
9.029580	81	1
9.030480	91	1
9.032340	526	1
9.033240	218	1
9.034500	714	1
9.044580	20	0
9.045300	473	1
9.051780	36	0
9.052680	192	1
9.060360	494	1
9.060660	42	0
9.062100	744	1
9.067920	24	1
9.071460	305	1
9.074640	832	1
9.078360	903	1
9.081720	962	1
9.086400	220	0
9.088740	339	1
9.090840	220	1
9.092520	719	1
9.095760	449	1
9.097020	55	1
9.098820	35	0
9.101700	439	1
9.109860	708	1
9.110160	606	1
9.111660	558	1
9.111660	209	0
9.112500	283	1
9.112800	57	0
9.113700	185	1
9.115380	464	1
9.116820	484	1
9.117120	573	1
9.124380	803	1
9.128700	53	1
9.129720	118	0
9.129900	861	1
9.134100	510	1
9.136440	574	1
9.143940	723	1
9.147900	640	1
9.148020	749	1
9.148320	365	1
9.149220	544	1
9.151560	586	1
9.153660	223	1
9.154860	891	1
9.154920	101	0
9.156240	869	1
9.162600	7	1
9.163380	615	1
9.166620	304	1
9.167460	634	1
9.171420	188	1
9.179220	790	1
9.181260	597	1
9.184020	350	1
9.184440	415	1
9.187920	627	1
9.191220	29	1
9.191220	546	1
9.194520	750	1
9.196680	649	1
9.198060	527	1
9.203880	371	1
9.206700	588	1
9.208080	654	1
9.209700	706	1
9.210900	795	1
9.212280	273	1
9.213240	892	1
9.213660	662	1
9.214500	277	1
9.214800	476	1
9.220860	141	0
9.222000	949	1
9.222300	83	1
9.224820	359	1
9.225300	819	1
9.227700	148	1
9.230700	351	1
9.232800	324	1
9.237240	220	0
9.241380	561	1
9.245520	660	1
9.246480	132	1
9.249300	292	1
9.260640	646	1
9.261000	399	1
9.263160	21	1
9.263340	271	1
9.264060	320	1
9.266880	201	1
9.270960	236	1
9.277200	820	1
9.278220	711	1
9.282360	276	1
9.283980	264	1
9.290040	730	1
9.293580	291	1
9.295260	80	1
9.295260	336	1
9.297300	965	1
9.302580	57	1
9.306960	87	0
9.307500	275	1
9.307500	704	1
9.308760	149	1
9.309900	386	1
9.312780	259	1
9.313620	417	1
9.313920	64	0
9.314400	348	1
9.317040	600	1
9.317640	410	1
9.317820	968	1
9.318000	209	0
9.320220	738	1
9.321840	342	1
9.322620	195	1
9.329460	408	1
9.332040	764	1
9.333000	226	1
9.333180	809	1
9.333240	245	1
9.334920	709	1
9.335760	344	1
9.336000	285	1
9.337260	323	1
9.341640	412	1
9.342600	735	1
9.344040	621	1
9.344820	362	1
9.345660	388	1
9.348960	786	1
9.350940	407	1
9.351060	262	1
9.351540	90	0
9.352200	955	1
9.352800	263	1
9.353880	458	1
9.355500	78	0
9.355500	86	0
9.356580	98	0
9.360420	248	1
9.360720	669	1
9.362520	353	1
9.363660	101	0
9.366240	257	1
9.368280	865	1
9.372180	356	1
9.372360	247	1
9.373800	720	1
9.375660	383	1
9.375960	160	1
9.375960	68	0
9.378000	107	1
9.378360	308	1
9.380280	62	0
9.380460	61	0
9.381360	93	0
9.382140	214	1
9.383280	438	1
9.384780	88	1
9.386760	766	1
9.393600	156	1
9.394920	313	1
9.396180	81	0
9.396660	118	0
9.397680	467	1
9.398160	220	0
9.398520	805	1
9.400620	740	1
9.401220	442	1
9.402000	42	0
9.403800	435	1
9.403920	36	0
9.407280	611	1
9.408480	470	1
9.408540	170	0
9.409260	430	1
9.410340	213	1
9.413280	298	1
9.415380	74	1
9.418440	446	1
9.420180	65	0
9.421020	663	1
9.422880	460	1
9.423480	208	1
9.424020	16	1
9.424980	114	1
9.425160	712	1
9.425580	370	1
9.427920	57	0
9.428640	254	1
9.429300	173	1
9.433560	51	1
9.438360	290	1
9.439380	293	1
9.443880	243	1
9.445440	72	1
9.447180	827	1
9.448020	547	1
9.449280	73	0
9.449700	436	1
9.452580	421	1
9.453780	343	1
9.455880	568	1
9.456180	454	1
9.456840	102	0
9.458160	991	1
9.458460	112	0
9.459900	729	1
9.462360	398	1
9.463440	85	0
9.464160	32	1
9.466620	456	1
9.466920	472	1
9.469440	286	1
9.469800	754	1
9.471540	268	1
9.471540	801	1
9.474180	101	0
9.475980	157	1
9.477000	406	1
9.488940	699	1
9.489300	983	1
9.490980	87	0
9.491580	426	1
9.493140	215	1
9.494580	543	1
9.495840	114	0
9.497340	853	1
9.498300	870	1
9.501300	64	0
9.501840	440	1
9.503040	806	1
9.503400	93	1
9.505980	692	1
9.506160	511	1
9.509460	716	1
9.510600	798	1
9.512820	39	0
9.513000	904	1
9.513120	843	1
9.514500	967	1
9.514800	705	1
9.515460	971	1
9.521580	220	0
9.524640	106	0
9.525720	77	0
9.530400	437	1
9.531360	845	1
9.532200	67	1
9.532800	0	1
9.533640	844	1
9.534120	800	1
9.534780	151	1
9.535680	418	1
9.537000	376	1
9.538620	602	1
9.540180	167	1
9.542220	289	1
9.545220	305	1
9.545760	748	1
9.546060	62	1
9.547140	980	1
9.551460	115	1
9.553140	118	0
9.555180	431	1
9.555540	581	1
9.555840	210	1
9.557100	409	1
9.559260	219	1
9.560160	489	1
9.561420	452	1
9.563520	144	1
9.563820	15	1
9.564840	802	1
9.567360	337	1
9.568080	630	1
9.570300	209	0
9.570660	20	1
9.572160	811	1
9.575220	98	0
9.575340	744	1
9.576900	918	1
9.579420	505	1
9.580500	911	1
9.580500	984	1
9.582240	607	1
9.582420	218	1
9.582720	821	1
9.584940	868	1
9.586320	933	1
9.588240	689	1
9.590880	512	1
9.592500	912	1
9.594780	36	0
9.596880	717	1
9.598620	765	1
9.601020	220	0
9.606960	85	1
9.606960	943	1
9.607140	596	1
9.607260	105	0
9.608100	339	1
9.609720	855	1
9.610080	832	1
9.610560	251	1
9.615240	747	1
9.618060	793	1
9.618360	224	1
9.620340	439	1
9.624060	778	1
9.625320	235	0
9.627660	207	1
9.629640	982	1
9.632940	928	1
9.634320	333	1
9.635340	119	1
9.637140	641	1
9.637560	881	1
9.637620	757	1
9.639720	861	1
9.640140	637	1
9.640800	44	1
9.641880	542	1
9.643020	227	0
9.643320	110	1
9.643560	745	1
9.648960	95	1
9.649920	819	1
9.654060	400	1
9.654900	358	1
9.655260	347	1
9.657180	701	1
9.659880	312	1
9.662040	721	1
9.662460	966	1
9.668160	319	1
9.669780	494	1
9.670200	527	1
9.672420	189	1
9.674700	931	1
9.675120	234	1
9.675480	557	1
9.677460	994	1
9.679500	42	0
9.679740	884	1
9.680160	944	1
9.683400	606	1
9.686280	859	1
9.686520	702	1
9.690300	104	1
9.690840	464	1
9.691020	677	1
9.693780	836	1
9.696240	129	1
9.697380	220	0
9.698280	776	1
9.698340	548	1
9.698820	883	1
9.699060	55	1
9.701940	255	0
9.703620	570	1
9.705000	101	0
9.706080	1008	1
9.706500	415	1
9.707820	180	0
9.708120	209	0
9.712080	962	1
9.712140	751	1
9.714420	878	1
9.715860	818	1
9.716820	711	1
9.717660	476	1
9.722400	722	1
9.723960	508	1
9.726720	118	0
9.730140	91	1
9.730860	192	1
9.732000	972	1
9.732360	218	0
9.733320	552	1
9.740520	324	1
9.742020	183	0
9.742260	148	1
9.742740	1013	1
9.743940	536	1
9.743940	706	1
9.744420	720	1
9.746160	449	1
9.746160	558	1
9.746700	987	1
9.750000	1006	1
9.752040	147	0
9.753060	857	1
9.761100	789	1
9.762480	956	1
9.767580	707	1
9.768000	510	1
9.768060	206	1
9.769620	889	1
9.770220	573	1
9.773820	724	1
9.774120	774	1
9.775080	749	1
9.775440	925	1
9.775620	186	0
9.778140	83	1
9.778320	36	0
9.778740	122	1
9.781620	81	1
9.782220	433	1
9.790080	56	1
9.792240	220	0
9.793380	981	1
9.793500	619	1
9.798480	888	1
9.803640	537	1
9.807660	235	0
9.808620	223	1
9.813300	750	1
9.813840	546	1
9.817260	627	1
9.818460	211	0
9.820440	723	1
9.826200	466	1
9.828420	166	1
9.832200	188	0
9.832620	152	1
9.836340	484	1
9.836700	84	1
9.845940	795	1
9.846300	660	1
9.851040	737	1
9.852840	803	1
9.853500	574	1
9.855420	586	1
9.855900	600	1
9.858960	29	1
9.861000	490	1
9.864360	736	1
9.864540	957	1
9.872400	628	1
9.872460	182	0
9.872880	594	1
9.874860	1022	1
9.874980	597	1
9.875760	318	1
9.875820	40	0
9.876060	647	1
9.878100	473	1
9.880920	604	1
9.881400	197	1
9.881460	922	1
9.883320	790	1
9.883500	399	1
9.883980	25	1
9.888360	73	1
9.891780	209	0
9.893460	603	1
9.895740	618	1
9.897240	640	1
9.899280	170	0
9.901440	486	1
9.903480	200	1
9.904740	151	0
9.905580	814	1
9.908700	117	1
9.912480	225	1
9.913080	729	1
9.913200	634	1
9.914340	118	0
9.920100	646	1
9.922320	132	1
9.937800	150	0
9.943680	662	1
9.946860	276	1
9.950460	847	1
9.952380	161	1
9.956220	615	1
9.956640	126	1
9.961500	172	1
9.962340	264	1
9.965700	114	1
9.966720	869	1
9.971880	561	1
9.974160	738	1
9.975480	764	1
9.981540	453	1
9.981660	42	0
9.986640	169	1
9.986640	673	1
9.989220	220	0
9.991080	851	1
9.995700	718	1
10.003260	149	1
10.004460	283	1
10.005180	157	1
10.006980	649	1
10.009680	292	1
10.013460	786	1
10.019340	709	1
10.019760	80	1
10.022760	963	1
10.023840	111	1
10.024440	215	1
10.031940	36	0
10.033740	46	1
10.034220	66	1
10.035480	248	1
10.038180	419	1
10.039680	408	1
10.040880	602	1
10.043220	350	1
10.045620	929	1
10.049580	676	1
10.051620	730	1
10.053420	156	1
10.057140	226	1
10.057860	805	1
10.060800	588	1
10.061880	766	1
10.064520	245	1
10.072500	543	1
10.073040	115	1
10.077720	434	1
10.081980	220	1
10.086780	39	0
10.095120	968	1
10.096560	64	0
10.097340	406	1
10.097700	744	1
10.097820	218	1
10.097820	219	1
10.100460	24	1
10.100640	440	1
10.105980	386	1
10.106400	195	1
10.108320	334	1
10.113360	209	0
10.119360	118	0
10.120680	388	1
10.122240	955	1
10.124760	121	1
10.128840	965	1
10.132020	442	1
10.133400	42	0
10.138560	208	1
10.140360	275	1
10.146780	967	1
10.147860	412	1
10.149840	220	0
10.154760	32	1
10.158960	426	1
10.161960	305	1
10.163220	57	0
10.165620	257	1
10.175820	621	1
10.177920	798	1
10.179780	214	1
10.184340	62	1
10.201020	684	1
10.201380	704	1
10.201980	144	1
10.203480	720	1
10.205640	692	1
10.205760	959	1
10.206600	160	1
10.209840	754	1
10.211400	337	1
10.215120	962	1
10.215600	7	1
10.215960	725	1
10.218060	430	1
10.221540	949	1
10.225740	705	1
10.227480	291	1
10.233960	263	1
10.234200	740	1
10.235520	458	1
10.236720	843	1
10.240800	735	1
10.243200	324	1
10.244760	717	1
10.245420	339	1
10.247160	409	1
10.251300	630	1
10.256280	983	1
10.258020	95	1
10.268940	606	1
10.274460	991	1
10.275060	93	1
10.279500	271	1
10.279500	892	1
10.283160	716	1
10.285200	289	1
10.286160	170	0
10.290960	376	1
10.291200	711	1
10.296300	415	1
10.300020	320	1
10.301520	110	1
10.305120	820	1
10.305600	911	1
10.308840	891	1
10.309440	20	1
10.313820	220	0
10.315200	793	1
10.317300	933	1
10.317720	336	1
10.318500	832	1
10.318680	53	1
10.321080	903	1
10.321140	607	1
10.322880	101	0
10.323600	85	1
10.325340	236	1
10.325340	359	1
10.326060	418	1
10.328160	148	1
10.329420	285	1
10.330140	277	1
10.332840	417	1
10.333560	861	1
10.336080	344	1
10.338600	185	1
10.340340	118	0
10.343340	467	1
10.344540	706	1
10.345020	439	1
10.345680	435	1
10.346400	273	1
10.347900	831	1
10.348140	819	1
10.350060	806	1
10.350480	456	1
10.351800	55	1
10.354860	351	1
10.356180	304	1
10.356480	943	1
10.357980	213	1
10.359540	407	1
10.359660	209	0
10.362540	90	0
10.364760	729	1
10.366080	36	0
10.367280	984	1
10.368180	912	1
10.368780	637	1
10.370280	436	1
10.372740	870	1
10.372860	312	1
10.373040	853	1
10.374840	865	1
10.376220	494	1
10.376880	596	1
10.378260	173	1
10.379520	210	1
10.380180	749	1
10.380300	765	1
10.380540	827	1
10.381500	207	1
10.381800	358	1
10.381920	460	1
10.382400	247	1
10.383000	994	1
10.387260	631	1
10.387860	392	1
10.388460	243	1
10.388820	421	1
10.390440	151	1
10.390920	220	0
10.393620	464	1
10.393980	114	0
10.395300	362	1
10.397040	398	1
10.397340	669	1
10.397880	104	1
10.399740	86	0
10.401660	641	1
10.403160	342	1
10.403940	15	1
10.405620	62	0
10.407180	365	1
10.410840	944	1
10.414020	284	1
10.416060	410	1
10.416660	83	1
10.416900	918	1
10.417380	399	1
10.417980	446	1
10.418880	308	1
10.420140	723	1
10.420500	67	1
10.422660	356	1
10.422900	971	1
10.423200	352	1
10.424640	924	1
10.426380	298	1
10.427220	343	1
10.429380	557	1
10.430940	101	0
10.433940	472	1
10.435980	353	1
10.437420	85	0
10.438200	987	1
10.438740	81	0
10.439640	837	1
10.441620	98	0
10.442880	192	1
10.443360	663	1
10.443660	106	0
10.445040	262	1
10.447860	476	1
10.448040	512	1
10.448400	438	1
10.449540	966	1
10.450380	573	1
10.450740	102	0
10.451160	51	1
10.451520	87	0
10.452000	821	1
10.452120	470	1
10.452600	449	1
10.455480	93	0
10.457040	44	0
10.457100	801	1
10.457220	370	1
10.457460	800	1
10.457760	100	0
10.457820	712	1
10.458300	88	1
10.458300	778	1
10.458360	928	1
10.459500	227	0
10.462020	931	1
10.462200	73	0
10.466460	259	1
10.467540	982	1
10.468560	39	1
10.469640	57	1
10.470300	234	1
10.471680	748	1
10.472520	68	0
10.474200	61	0
10.474500	510	1
10.476420	206	1
10.479060	64	0
10.480380	220	0
10.481160	21	1
10.482180	295	1
10.484340	600	1
10.485000	74	1
10.485540	118	0
10.486980	546	1
10.486980	1006	1
10.488180	235	0
10.488900	980	1
10.489440	180	0
10.489560	610	1
10.490520	306	1
10.490580	268	1
10.491240	527	1
10.491300	689	1
10.492140	627	1
10.492440	167	1
10.493880	757	1
10.495320	313	1
10.501440	78	0
10.505520	60	0
10.506660	42	0
10.509000	276	1
10.509420	750	1
10.509840	378	1
10.510320	91	1
10.512360	107	1
10.513140	1008	1
10.516380	255	0
10.527660	406	1
10.530300	660	1
10.531740	811	1
10.532640	786	1
10.532700	189	1
10.532880	452	1
10.535100	844	1
10.535280	455	1
10.537260	333	1
10.537260	348	1
10.538700	251	1
10.541220	881	1
10.545180	809	1
10.547220	81	1
10.547580	29	1
10.551120	747	1
10.551660	558	1
10.552260	721	1
10.554180	511	1
10.556580	322	1
10.556640	751	1
10.558080	457	1
10.561680	454	1
10.565640	225	1
10.567080	0	1
10.568940	261	1
10.569780	90	0
10.570320	677	1
10.570800	437	1
10.573320	921	1
10.576440	16	1
10.577160	433	1
10.577400	859	1
10.577580	77	0
10.577700	640	1
10.581060	574	1
10.583220	803	1
10.583940	258	1
10.585020	36	0
10.585680	440	1
10.586460	314	1
10.587000	795	1
10.590300	581	1
10.591140	209	0
10.592340	869	1
10.593000	720	1
10.594260	201	1
10.594500	790	1
10.595100	764	1
10.597860	220	0
10.599480	186	0
10.601940	802	1
10.604400	505	1
10.606800	188	0
10.609260	427	1
10.609500	646	1
10.612260	106	0
10.614240	114	1
10.615200	105	0
10.618740	738	1
10.619460	371	1
10.619520	473	1
10.619580	744	1
10.621020	218	1
10.621200	339	1
10.621920	87	0
10.628580	489	1
10.629120	118	0
10.632000	132	1
10.632900	484	1
10.632960	537	1
10.635180	547	1
10.635900	161	1
10.636860	702	1
10.643580	701	1
10.644240	318	1
10.645920	586	1
10.647120	80	1
10.655220	722	1
10.660140	129	1
10.662480	662	1
10.665840	836	1
10.666860	248	1
10.667520	709	1
10.676880	698	1
10.679880	383	1
10.680000	166	1
10.682880	25	1
10.688100	10	1
10.692120	597	1
10.696500	724	1
10.698660	909	1
10.699740	972	1
10.701480	350	1
10.702740	400	1
10.704960	65	1
10.707600	264	1
10.709640	884	1
10.713420	536	1
10.714200	101	0
10.714500	967	1
10.716480	602	1
10.717440	215	1
10.718760	28	1
10.722000	226	1
10.724640	868	1
10.725540	619	1
10.725900	442	1
10.731660	219	1
10.732200	197	1
10.734960	44	1
10.738260	956	1
10.738620	254	1
10.739040	878	1
10.742340	61	0
10.744260	157	1
10.746720	604	1
10.747080	897	1
10.753080	149	1
10.754040	220	0
10.754340	290	1
10.754340	1013	1
10.754700	647	1
10.758540	606	1
10.759920	170	0
10.760940	561	1
10.761780	305	1
10.764300	408	1
10.766460	458	1
10.766700	717	1
10.766880	707	1
10.768380	692	1
10.769640	618	1
10.771380	548	1
10.771680	594	1
10.778160	118	0
10.779600	570	1
10.779720	323	1
10.779900	615	1
10.784280	386	1
10.785840	36	0
10.786140	805	1
10.789020	843	1
10.789320	151	0
10.789440	711	1
10.790100	375	1
10.791540	42	0
10.792260	115	1
10.792980	652	1
10.793520	968	1
10.794600	981	1
10.797240	729	1
10.798020	150	0
10.810200	793	1
10.810260	245	1
10.812300	832	1
10.813920	156	1
10.823040	543	1
10.827540	209	0
10.834200	257	1
10.836420	62	1
10.837980	845	1
10.839480	388	1
10.843560	776	1
10.844400	953	1
10.845960	611	1
10.846740	275	1
10.847160	922	1
10.848480	889	1
10.849800	119	1
10.850820	965	1
10.856700	412	1
10.863420	208	1
10.863900	766	1
10.864380	634	1
10.865340	220	0
10.866000	195	1
10.870140	337	1
10.870500	148	1
10.871820	649	1
10.874400	588	1
10.880220	415	1
10.883700	117	1
10.884000	324	1
10.885800	955	1
10.886520	223	1
10.888260	962	1
10.890420	144	1
10.892520	621	1
10.893540	673	1
10.894320	283	1
10.901040	57	0
10.901340	481	1
10.902180	147	0
10.902480	730	1
10.904100	706	1
10.915800	55	1
10.924140	861	1
10.924740	568	1
10.929900	676	1
10.930860	933	1
10.938300	126	1
10.939380	426	1
10.942860	95	1
10.943160	466	1
10.944060	705	1
10.944540	596	1
10.949160	544	1
10.949640	214	1
10.951380	630	1
10.956540	289	1
10.957440	754	1
10.958580	628	1
10.959600	172	1
10.959900	200	1
10.960860	292	1
10.961340	224	0
10.961400	819	1
10.963440	526	1
10.965120	542	1
10.965780	73	1
10.974420	20	1
10.976040	110	1
10.982940	749	1
10.987800	983	1
10.990500	720	1
10.995120	170	0
10.995240	220	1
10.995600	377	1
10.997520	85	1
10.999260	66	1
11.001240	42	0
11.003940	573	1
11.006340	798	1
11.010300	36	0
11.013960	508	1
11.014020	994	1
11.015340	160	1
11.016660	723	1
11.020800	741	1
11.021640	209	0
11.021820	399	1
11.022060	806	1
11.023500	912	1
11.025000	106	0
11.025540	557	1
11.028240	607	1
11.031720	409	1
11.033160	220	0
11.038320	334	1
11.038980	765	1
11.040060	430	1
11.042040	291	1
11.042580	104	1
11.042580	111	1
11.043000	434	1
11.045220	637	1
11.045880	263	1
11.047020	147	0
11.048040	627	1
11.050560	870	1
11.053500	83	1
11.058660	987	1
11.059140	546	1
11.063580	118	0
11.064780	494	1
11.065200	205	1
11.065560	28	0
11.066100	641	1
11.067360	744	1
11.068020	716	1
11.074680	418	1
11.076540	552	1
11.082900	271	1
11.087820	600	1
11.089500	464	1
11.091360	735	1
11.092500	183	0
11.094360	169	1
11.094840	32	1
11.102040	24	1
11.106840	417	1
11.122920	186	0
11.124000	449	1
11.128800	46	1
11.131200	218	1
11.134440	84	1
11.140020	192	1
11.143200	210	1
11.147520	56	1
11.149740	663	1
11.149920	406	1
11.156520	439	1
11.160840	312	1
11.161920	122	1
11.163180	440	1
11.163600	510	1
11.168280	101	0
11.172120	640	1
11.173020	114	1
11.176140	963	1
11.176440	157	1
11.177040	207	1
11.178780	42	0
11.181240	740	1
11.188440	358	1
11.188440	943	1
11.189400	219	1
11.190720	944	1
11.190900	276	1
11.193180	93	1
11.203560	574	1
11.206200	467	1
11.210460	660	1
11.212320	215	1
11.219040	220	0
11.219100	376	1
11.219460	984	1
11.219460	39	0
11.220240	476	1
11.221380	904	1
11.222820	911	1
11.224800	527	1
11.227980	991	1
11.228160	91	1
11.229000	15	1
11.237520	118	0
11.239020	463	1
11.240220	473	1
11.245800	151	1
11.246700	512	1
11.257020	302	1
11.263440	764	1
11.264400	29	1
11.270340	247	1
11.272740	865	1
11.274540	918	1
11.274720	982	1
11.275260	438	1
11.277120	36	0
11.279940	115	1
11.281740	606	1
11.286900	949	1
11.289180	827	1
11.290560	206	1
11.292480	446	1
11.293740	152	1
11.293740	477	1
11.298720	7	1
11.299440	470	1
11.301120	484	1
11.301240	248	1
11.302200	220	0
11.302500	718	1
11.304600	704	1
11.304660	213	1
11.306100	435	1
11.306700	67	1
11.308560	339	1
11.311020	285	1
11.314440	558	1
11.316780	421	1
11.318040	226	1
11.327160	398	1
11.331900	711	1
11.334300	225	1
11.334660	106	0
11.336220	669	1
11.338680	967	1
11.339400	853	1
11.345160	646	1
11.345460	293	1
11.346420	264	1
11.346600	304	1
11.348880	790	1
11.353020	415	1
11.354460	931	1
11.354460	1006	1
11.355960	486	1
11.356860	966	1
11.358360	472	1
11.360220	717	1
11.360460	883	1
11.363760	101	0
11.369280	42	0
11.372220	460	1
11.372700	458	1
11.373300	750	1
11.374200	442	1
11.377920	234	1
11.378880	729	1
11.379060	928	1
11.379900	209	0
11.385300	64	0
11.386500	1008	1
11.386560	173	1
11.387700	251	1
11.389620	832	1
11.393340	436	1
11.396640	447	1
11.397120	167	1
