0.066960	148	1
0.067380	744	1
0.113700	717	1
0.119220	561	1
0.166620	220	0
0.173880	337	1
0.186720	720	1
0.190320	415	1
0.209400	729	1
0.235080	723	1
0.243360	473	1
0.264120	440	1
0.267780	832	1
0.273060	706	1
0.282120	248	1
0.284700	149	1
0.295740	967	1
0.298920	573	1
0.303240	426	1
0.311280	276	1
0.312120	711	1
0.312600	764	1
0.315900	215	1
0.320100	607	1
0.321240	220	0
0.321840	324	1
0.322680	85	1
0.328500	606	1
0.328560	264	1
0.342600	399	1
0.342960	600	1
0.345540	209	0
0.346200	219	1
0.346800	494	1
0.347820	292	1
0.352380	157	1
0.356580	218	1
0.360180	388	1
0.363180	994	1
0.364140	557	1
0.366900	207	1
0.368400	339	1
0.372300	987	1
0.377160	766	1
0.378480	192	1
0.382620	386	1
0.386040	36	0
0.389820	754	1
0.401640	546	1
0.405300	716	1
0.407760	408	1
0.414060	245	1
0.415680	574	1
0.422640	464	1
0.423480	692	1
0.423480	735	1
0.424620	968	1
0.425220	660	1
0.425820	640	1
0.426840	263	1
0.428100	933	1
0.428880	412	1
0.435900	257	1
0.439140	805	1
0.443160	20	1
0.447660	118	0
0.451740	983	1
0.452460	114	1
0.454020	627	1
0.459060	790	1
0.461100	83	1
0.462660	749	1
0.464700	439	1
0.465480	709	1
0.465960	206	1
0.467100	251	1
0.468000	226	1
0.468180	220	0
0.468360	55	1
0.478560	476	1
0.480000	247	1
0.481080	214	1
0.481140	861	1
0.482460	646	1
0.482760	115	1
0.483300	208	1
0.487020	156	1
0.487800	663	1
0.489240	637	1
0.491220	596	1
0.492600	25	1
0.493320	67	1
0.493860	602	1
0.495180	786	1
0.496200	793	1
0.502860	225	1
0.505320	62	1
0.505620	750	1
0.506640	275	1
0.507540	965	1
0.509040	984	1
0.509580	446	1
0.509760	57	0
0.510480	458	1
0.512280	144	1
0.513180	962	1
0.514020	765	1
0.515700	843	1
0.519420	42	0
0.520380	705	1
0.521640	91	1
0.525000	95	1
0.525360	630	1
0.525480	210	1
0.526920	819	1
0.529680	29	1
0.529680	955	1
0.530460	621	1
0.531300	641	1
0.533940	101	0
0.535740	409	1
0.535860	570	1
0.536040	738	1
0.536160	61	0
0.537000	744	1
0.537600	209	0
0.539340	417	1
0.541320	170	0
0.542700	982	1
0.542940	110	1
0.543900	430	1
0.546060	132	1
0.546780	167	1
0.548940	662	1
0.549300	104	1
0.549420	36	0
0.551040	870	1
0.552780	234	1
0.556680	277	1
0.558540	290	1
0.559920	720	1
0.561180	150	0
0.562560	189	1
0.563580	911	1
0.563580	64	0
0.564300	449	1
0.566220	795	1
0.566460	467	1
0.566880	195	1
0.567000	558	1
0.567900	943	1
0.570240	798	1
0.572400	1008	1
0.578760	704	1
0.578940	472	1
0.579300	745	1
0.579900	81	1
0.581760	604	1
0.581940	966	1
0.583800	213	1
0.584520	800	1
0.586860	512	1
0.586980	223	1
0.587340	148	1
0.587580	689	1
0.587580	827	1
0.587700	220	0
0.588780	778	1
0.588900	305	1
0.590760	28	0
0.591900	350	1
0.592020	806	1
0.592140	80	1
0.594240	15	1
0.594420	581	1
0.595200	740	1
0.595440	597	1
0.598680	821	1
0.600300	106	0
0.600840	119	1
0.601440	931	1
0.601920	543	1
0.602520	510	1
0.602580	801	1
0.602760	254	1
0.605280	291	1
0.605880	649	1
0.606420	147	0
0.607800	118	0
0.608400	53	0
0.608940	918	1
0.609180	470	1
0.609480	748	1
0.609540	586	1
0.610740	262	1
0.612480	289	1
0.614160	928	1
0.616620	751	1
0.617520	433	1
0.618120	527	1
0.618420	166	1
0.619320	173	1
0.619860	93	1
0.621000	991	1
0.621960	944	1
0.623460	619	1
0.624120	435	1
0.624240	180	0
0.624660	717	1
0.628020	853	1
0.630300	169	1
0.630540	151	1
0.631140	186	0
0.631320	712	1
0.631500	747	1
0.631800	537	1
0.633720	729	1
0.634080	442	1
0.635100	20	0
0.635280	227	0
0.636000	418	1
0.637860	236	1
0.638400	869	1
0.638460	421	1
0.639480	647	1
0.639900	351	1
0.640260	152	1
0.642480	344	1
0.642540	62	0
0.643200	484	1
0.643620	1006	1
0.644760	376	1
0.646260	618	1
0.646320	912	1
0.647220	677	1
0.649200	126	1
0.649920	117	1
0.650160	188	0
0.650640	312	1
0.652440	406	1
0.654300	803	1
0.654600	160	1
0.655320	359	1
0.655620	721	1
0.656520	151	0
0.657120	757	1
0.659460	922	1
0.660300	42	0
0.660840	134	0
0.661140	536	1
0.663240	334	1
0.663660	220	0
0.663780	701	1
0.664140	35	0
0.665520	243	1
0.666300	170	0
0.666840	588	1
0.666960	615	1
0.667380	51	1
0.667500	318	1
0.667680	36	0
0.668880	669	1
0.669780	161	1
0.669960	949	1
0.671040	172	1
0.671040	37	0
0.671220	220	1
0.672300	634	1
0.673140	283	1
0.673260	298	1
0.674460	684	1
0.674520	811	1
0.675120	197	1
0.675840	44	0
0.676560	981	1
0.679380	415	1
0.679920	407	1
0.681240	32	1
0.683520	736	1
0.683940	865	1
0.684120	304	1
0.685200	107	1
0.688080	90	0
0.688200	809	1
0.688620	271	1
0.688680	844	1
0.689940	820	1
0.690660	594	1
0.691740	129	1
0.693180	707	1
0.693180	980	1
0.693300	49	0
0.693360	456	1
0.693420	1013	1
0.693780	285	1
0.694080	259	1
0.694260	628	1
0.695700	73	1
0.696540	353	1
0.696540	64	0
0.697560	114	0
0.697740	802	1
0.698160	40	0
0.698340	972	1
0.698940	72	0
0.699540	337	1
0.700740	358	1
0.704040	54	0
0.704220	702	1
0.704520	268	1
0.704580	39	0
0.706800	410	1
0.707340	81	0
0.707460	112	0
0.709380	273	1
0.709380	365	1
0.710220	400	1
0.710760	568	1
0.711660	235	0
0.712020	66	1
0.714120	881	1
0.714540	86	0
0.714600	440	1
0.717300	43	0
0.718440	370	1
0.718980	724	1
0.719280	183	0
0.719520	730	1
0.719640	698	1
0.719700	293	1
0.720660	489	1
0.721080	776	1
0.722760	711	1
0.723540	87	0
0.724320	722	1
0.724920	199	0
0.725760	971	1
0.726300	436	1
0.727500	454	1
0.729120	255	0
0.729600	398	1
0.733020	718	1
0.734340	100	0
0.735300	218	1
0.735600	832	1
0.736200	547	1
0.740100	105	0
0.740580	276	1
0.741120	83	0
0.742260	111	1
0.742260	209	0
0.745440	78	0
0.747900	118	0
0.748740	362	1
0.749160	99	0
0.749880	956	1
0.750480	24	1
0.752580	84	1
0.753420	61	0
0.753660	101	0
0.755640	342	1
0.756000	836	1
0.756420	220	0
0.756960	343	1
0.758520	434	1
0.760140	438	1
0.760260	57	0
0.760380	60	0
0.761100	56	1
0.762960	676	1
0.763140	673	1
0.764040	963	1
0.764640	295	1
0.767760	93	0
0.769440	165	0
0.769860	452	1
0.769920	258	1
0.771600	878	1
0.775860	215	1
0.776520	505	1
0.778980	542	1
0.780360	339	1
0.780780	460	1
0.781800	706	1
0.787620	924	1
0.787980	313	1
0.789960	320	1
0.790320	157	1
0.790380	205	1
0.792780	764	1
0.793980	186	0
0.794820	611	1
0.795420	892	1
0.795540	46	1
0.796440	603	1
0.799680	573	1
0.800940	652	1
0.801360	122	1
0.801840	98	0
0.802860	664	1
0.806460	723	1
0.807120	884	1
0.807540	959	1
0.807960	333	1
0.810240	437	1
0.811200	889	1
0.812100	240	1
0.813600	42	0
0.815220	201	1
0.817500	561	1
0.817800	606	1
0.818400	150	0
0.818760	859	1
0.819960	482	1
0.822060	200	1
0.825060	77	0
0.826080	741	1
0.826260	725	1
0.829860	891	1
0.831060	486	1
0.833820	147	0
0.837060	106	0
0.841320	419	1
0.841980	57	1
0.842580	284	1
0.842580	336	1
0.846300	88	1
0.847140	903	1
0.847740	257	1
0.848460	526	1
0.849000	845	1
0.849240	508	1
0.850560	348	1
0.852960	544	1
0.853380	151	0
0.857520	235	0
0.857940	36	0
0.860580	219	1
0.862920	121	1
0.863580	248	1
0.864420	220	0
0.865680	857	1
0.865920	383	1
0.870240	352	1
0.871080	600	1
0.873480	714	1
0.873660	308	1
0.874620	464	1
0.875280	90	0
0.875340	371	1
0.880980	692	1
0.884520	105	1
0.884760	399	1
0.885720	466	1
0.886320	261	1
0.889500	720	1
0.891840	183	0
0.892500	81	0
0.894180	189	0
0.898200	85	1
0.899580	494	1
0.899700	967	1
0.904980	87	0
0.910680	546	1
0.912660	101	0
0.913800	44	1
0.916020	347	1
0.916140	933	1
0.917640	306	1
0.918540	286	1
0.919260	446	1
0.919800	868	1
0.922200	0	1
0.925200	118	0
0.925380	322	1
0.925980	114	1
0.928620	7	1
0.928920	74	1
0.929700	557	1
0.932340	842	1
0.934500	149	1
0.936180	323	1
0.938220	314	1
0.939300	548	1
0.941160	837	1
0.943500	16	1
0.945720	360	1
0.946440	660	1
0.947280	929	1
0.948840	66	0
0.949500	264	1
0.950820	231	0
0.951180	245	1
0.953880	71	0
0.954600	904	1
0.956400	73	0
0.958320	209	0
0.960360	78	0
0.961560	115	1
0.963300	793	1
0.964080	53	1
0.964260	192	1
0.965040	185	1
0.970200	610	1
0.970440	431	1
0.975240	511	1
0.981000	220	0
0.982980	602	1
0.985080	861	1
0.985620	207	1
0.989280	819	1
0.993120	356	1
0.997080	68	0
0.998940	206	1
1.003140	574	1
1.003860	744	1
1.004280	457	1
1.009080	36	0
1.009380	627	1
1.009440	386	1
1.009920	672	1
1.011480	39	0
1.011600	61	0
1.012740	883	1
1.016640	500	1
1.020000	83	1
1.022400	994	1
1.022640	847	1
1.028460	897	1
1.033020	533	1
1.034040	324	1
1.035720	646	1
1.036320	808	1
1.040700	42	0
1.041960	477	1
1.042500	962	1
1.044120	455	1
1.046640	909	1
1.047420	648	1
1.048860	987	1
1.050120	654	1
1.052160	476	1
1.053240	408	1
1.059360	55	1
1.061460	62	1
1.063080	473	1
1.069800	729	1
1.072380	789	1
1.074660	412	1
1.080240	552	1
1.080660	392	1
1.081620	21	1
1.081740	439	1
1.084320	716	1
1.093740	640	1
1.094220	104	1
1.094640	118	0
1.095420	388	1
1.096260	790	1
1.097400	754	1
1.097940	921	1
1.098900	214	1
1.099500	80	1
1.102920	463	1
1.103520	101	0
1.103820	766	1
1.106220	20	1
1.106460	596	1
1.107180	877	1
1.108140	220	0
1.109520	705	1
1.109880	106	0
1.111380	148	1
1.113240	426	1
1.113540	831	1
1.116120	449	1
1.116600	765	1
1.134120	95	1
1.136820	709	1
1.137900	67	1
1.141920	708	1
1.143000	209	0
1.146300	968	1
1.150500	90	0
1.150680	738	1
1.154880	29	1
1.159980	558	1
1.161360	453	1
1.162560	527	1
1.164000	570	1
1.165440	91	1
1.167480	133	0
1.173780	641	1
1.177920	638	1
1.185480	5	1
1.186680	983	1
1.188900	458	1
1.189080	484	1
1.189860	717	1
1.192200	735	1
1.194840	843	1
1.195200	81	1
1.197660	749	1
1.202340	662	1
1.205820	72	1
1.206840	923	1
1.209240	247	1
1.215300	607	1
1.216680	711	1
1.220640	275	1
1.222920	170	0
1.222980	637	1
1.223880	663	1
1.225080	110	1
1.225080	415	1
1.226040	406	1
1.226580	750	1
1.229100	630	1
1.231800	870	1
1.231980	911	1
1.232160	132	1
1.235280	225	1
1.235700	156	1
1.242120	704	1
1.243020	510	1
1.243380	606	1
1.248240	251	1
1.248480	806	1
1.248660	440	1
1.248780	25	1
1.250940	416	1
1.253220	869	1
1.255140	220	0
1.255680	984	1
1.258260	226	1
1.265280	631	1
1.267860	966	1
1.274760	543	1
1.277460	699	1
1.277580	337	1
1.281660	928	1
1.283760	93	1
1.288800	118	0
1.292280	798	1
1.293960	481	1
1.294980	740	1
1.295880	805	1
1.296720	467	1
1.297260	720	1
1.298400	781	1
1.299000	748	1
1.299360	931	1
1.299900	832	1
1.300260	305	1
1.302480	955	1
1.306500	689	1
1.307220	263	1
1.311540	470	1
1.311720	669	1
1.312500	918	1
1.312920	15	1
1.313580	472	1
1.314900	350	1
1.316100	619	1
1.316160	621	1
1.318500	417	1
1.318740	442	1
1.322520	220	0
1.323000	430	1
1.323540	209	0
1.324620	227	0
1.325940	706	1
1.328100	208	1
1.328100	800	1
1.334040	376	1
1.338360	693	1
1.338600	801	1
1.347540	982	1
1.350780	586	1
1.355940	597	1
1.357440	649	1
1.357800	925	1
1.361340	977	1
1.361340	179	0
1.363200	786	1
1.368120	723	1
1.369500	218	1
1.369500	418	1
1.370100	965	1
1.373640	647	1
1.377180	581	1
1.378560	409	1
1.379700	677	1
1.379760	912	1
1.380240	144	1
1.383780	701	1
1.385760	10	1
1.386420	39	1
1.388400	604	1
1.390500	821	1
1.392240	751	1
1.393980	82	1
1.400100	827	1
1.401000	421	1
1.402200	712	1
1.402380	189	1
1.404540	157	1
1.405620	573	1
1.408560	101	0
1.408560	170	0
1.412400	495	1
1.416060	795	1
1.417680	692	1
1.417980	235	0
1.418100	292	1
1.418100	600	1
1.419540	173	1
1.421700	433	1
1.424100	215	1
1.424880	1008	1
1.428300	339	1
1.428360	793	1
1.428720	220	0
1.431180	36	0
1.433220	764	1
1.439580	289	1
1.440240	618	1
1.440720	747	1
1.444620	180	0
1.445220	407	1
1.446300	757	1
1.447680	195	1
1.447680	546	1
1.450320	248	1
1.459740	234	1
1.462800	943	1
1.464300	276	1
1.466520	944	1
1.467060	210	1
1.469280	991	1
1.470360	778	1
1.470720	744	1
1.472160	853	1
1.474440	803	1
1.475520	634	1
1.476780	188	0
1.476900	183	0
1.483500	922	1
1.484580	774	1
1.492500	707	1
1.492860	219	1
1.492920	737	1
1.493520	594	1
1.495560	865	1
1.497240	628	1
1.500480	126	1
1.500540	933	1
1.504500	861	1
1.504980	536	1
1.505100	312	1
1.505820	32	1
1.506540	809	1
1.507560	57	0
1.509780	172	1
1.510380	957	1
1.510920	802	1
1.512000	844	1
1.515840	660	1
1.516140	213	1
1.516800	892	1
1.521120	283	1
1.521780	220	0
1.524060	358	1
1.524600	399	1
1.531320	166	1
1.531440	114	1
1.532580	949	1
1.532940	729	1
1.533120	494	1
1.533420	881	1
1.534380	702	1
1.536540	334	1
1.537080	820	1
1.538040	209	0
1.538820	398	1
1.540560	85	1
1.544820	435	1
1.546980	888	1
1.548900	967	1
1.549860	464	1
1.551360	291	1
1.551420	461	1
1.551660	512	1
1.553280	264	1
1.556040	118	0
1.556640	962	1
1.558140	257	1
1.559880	277	1
1.560900	557	1
1.563240	1006	1
1.563480	819	1
1.565940	219	0
1.566660	602	1
1.568700	980	1
1.570800	721	1
1.572480	169	1
1.574460	324	1
1.575660	811	1
1.578540	62	0
1.579920	290	1
1.581060	359	1
1.581420	981	1
1.582680	722	1
1.587420	167	1
1.588080	245	1
1.589880	574	1
1.593060	192	1
1.593540	994	1
1.593720	776	1
1.594380	220	1
1.594440	64	0
1.594740	855	1
1.595160	164	0
1.599960	447	1
1.600680	211	0
1.602240	537	1
1.602900	615	1
1.605900	730	1
1.606440	36	0
1.608960	186	0
1.609620	972	1
1.609740	725	1
1.610340	223	1
1.611000	627	1
1.613700	197	1
1.616040	818	1
1.620540	55	1
1.621020	408	1
1.621260	161	1
1.622880	736	1
1.623420	724	1
1.623600	115	1
1.624560	151	1
1.627080	42	0
1.627680	891	1
1.632060	375	1
1.632960	851	1
1.633320	147	0
1.633380	107	1
1.637220	259	1
1.639200	273	1
1.639440	207	1
1.642200	646	1
1.643580	588	1
1.644420	836	1
1.644600	476	1
1.649340	318	1
1.649640	410	1
1.651500	53	0
1.652040	35	0
1.652580	344	1
1.652760	78	0
1.653060	971	1
1.662300	66	1
1.662480	436	1
1.666620	987	1
1.668300	220	0
1.671240	90	0
1.674120	561	1
1.676820	262	1
1.677780	709	1
1.677840	720	1
1.678860	271	1
1.679040	117	1
1.679760	1013	1
1.681320	673	1
1.681800	148	1
1.681860	845	1
1.682280	738	1
1.684200	353	1
1.684560	236	1
1.686900	370	1
1.687320	351	1
1.689420	298	1
1.690500	39	0
1.694580	129	1
1.699920	149	1
1.701600	111	1
1.702080	956	1
1.702860	83	1
1.703040	754	1
1.704000	304	1
1.704480	235	0
1.704960	20	1
1.708380	295	1
1.708800	406	1
1.710720	434	1
1.710840	711	1
1.712460	456	1
1.713120	415	1
1.713300	717	1
1.716360	125	1
1.718460	603	1
1.721040	86	0
1.721280	547	1
1.721760	596	1
1.727760	473	1
1.728360	843	1
1.729140	188	1
1.733460	745	1
1.735500	36	0
1.735920	61	0
1.738200	170	0
1.738380	362	1
1.740660	206	1
1.741260	454	1
1.742520	44	0
1.744560	119	1
1.745820	268	1
1.747080	438	1
1.747740	285	1
1.750440	42	0
1.751460	924	1
1.754340	80	1
1.756260	446	1
1.756800	878	1
1.757100	320	1
1.758720	806	1
1.758780	963	1
1.758780	40	0
1.763280	104	1
1.764360	62	1
1.764600	118	0
1.765740	432	1
1.768140	106	0
1.768320	365	1
1.768740	87	0
1.770300	305	1
1.770300	440	1
1.771200	790	1
1.772280	705	1
1.774020	156	1
1.775160	644	1
1.777080	749	1
1.777380	460	1
1.778880	209	0
1.779060	400	1
1.781520	333	1
1.781940	101	0
1.782960	247	1
1.783440	100	0
1.785060	343	1
1.786020	765	1
1.787580	383	1
1.788660	832	1
1.789200	29	1
1.793040	258	1
1.794300	449	1
1.794480	426	1
1.795320	313	1
1.798680	412	1
1.801740	743	1
1.802820	870	1
1.803180	84	1
1.804200	220	0
1.804260	336	1
1.808100	225	1
1.811280	437	1
1.814040	505	1
1.815300	293	1
1.816140	114	0
1.819920	439	1
1.821480	378	1
1.821720	28	0
1.822680	93	0
1.822800	337	1
1.823220	226	1
1.823460	527	1
1.823640	90	0
1.824180	606	1
1.824180	716	1
1.826100	64	0
1.830300	314	1
1.831080	102	0
1.831500	243	1
1.831920	95	1
1.834140	51	1
1.837620	214	1
1.838520	68	0
1.838940	200	1
1.839720	218	1
1.840140	959	1
1.842180	224	1
1.842540	284	1
1.842720	968	1
1.843860	122	1
1.847880	376	1
1.855200	81	1
1.855800	308	1
1.857000	254	1
1.858500	73	1
1.858860	419	1
1.859280	132	1
1.859340	388	1
1.859340	86	0
1.861200	106	0
1.861260	323	1
1.861620	486	1
1.862520	607	1
1.864440	766	1
1.865580	342	1
1.866600	510	1
1.868400	91	1
1.868640	118	0
1.869540	489	1
1.871640	377	1
1.871880	61	0
1.872060	884	1
1.872600	889	1
1.874280	78	0
1.874940	750	1
1.875840	452	1
1.879980	339	1
1.880100	350	1
1.880220	215	1
1.880700	46	1
1.882200	98	0
1.883280	42	0
1.883640	24	1
1.885440	66	0
1.885860	81	0
1.887720	286	1
1.888320	157	1
1.889220	85	0
1.889520	39	0
1.891260	386	1
1.892460	526	1
1.894200	160	1
1.896060	558	1
1.901340	276	1
1.903980	275	1
1.905000	36	0
1.906740	57	0
1.907160	484	1
1.910280	77	0
1.911060	205	1
1.911180	568	1
1.913460	470	1
1.913760	641	1
1.914000	676	1
1.919400	105	0
1.920720	201	1
1.922640	458	1
1.924620	56	1
1.925460	508	1
1.926180	637	1
1.926780	185	1
1.927500	869	1
1.928880	217	1
1.934280	67	1
1.936440	93	1
1.938600	983	1
1.938780	101	0
1.942620	340	1
1.944540	263	1
1.946160	219	1
1.950600	548	1
1.953840	611	1
1.954860	220	0
1.956240	735	1
1.956840	88	1
1.958340	208	1
1.959300	808	1
1.959840	289	1
1.960200	110	1
1.961340	442	1
1.962600	744	1
1.962960	261	1
1.963260	543	1
1.965480	221	1
1.965480	43	0
1.971180	366	1
1.972260	73	0
1.973520	248	1
1.974000	466	1
1.976820	312	1
1.977120	706	1
1.977360	714	1
1.977900	692	1
1.978380	232	1
1.979820	984	1
1.985940	417	1
1.986600	118	0
1.988040	546	1
1.989300	134	0
1.991460	793	1
1.993200	467	1
1.996920	57	0
1.998540	297	1
2.000520	44	1
2.001060	61	0
2.003220	723	1
2.004060	150	0
2.005800	418	1
2.010060	955	1
2.010480	74	1
2.013480	7	1
2.014920	586	1
2.015760	965	1
2.019000	57	1
2.022720	173	1
2.026800	729	1
2.030640	240	1
2.031060	62	0
2.033100	573	1
2.034000	144	1
2.036340	20	0
2.036400	640	1
2.037180	1022	1
2.037780	805	1
2.038080	352	1
2.038140	371	1
2.039220	482	1
2.041560	0	1
2.042760	431	1
2.045160	430	1
2.048760	801	1
2.049660	36	0
2.051100	53	1
2.052720	600	1
2.054820	421	1
2.055000	570	1
2.057220	15	1
2.057760	209	0
2.058660	798	1
2.062680	630	1
2.067000	266	1
2.075580	25	1
2.076720	911	1
2.076900	663	1
2.077800	105	1
2.078100	407	1
2.078220	131	1
2.078640	251	1
2.078700	962	1
2.086920	114	1
2.087280	409	1
2.087280	764	1
2.087640	399	1
2.088960	704	1
2.088960	151	0
2.094060	192	1
2.095080	220	0
2.095620	245	1
2.100180	464	1
2.101920	358	1
2.110800	277	1
2.111340	511	1
2.112060	101	0
2.112480	720	1
2.114220	193	1
2.114820	153	1
2.116440	16	1
2.118480	597	1
2.118720	85	1
2.122980	931	1
2.124120	494	1
2.126100	348	1
2.126580	861	1
2.128440	542	1
2.133240	602	1
2.133480	210	1
2.134800	903	1
2.139180	621	1
2.146920	740	1
2.148060	490	1
2.148960	148	1
2.149320	234	1
2.149740	229	1
2.153700	800	1
2.164260	53	0
2.166900	39	0
2.168280	457	1
2.168340	928	1
2.170680	415	1
2.170680	574	1
2.172660	786	1
2.173260	42	0
2.176500	472	1
2.178540	933	1
2.180820	213	1
2.181240	408	1
2.182200	718	1
2.185680	118	0
2.196300	660	1
2.201280	477	1
2.202120	301	1
2.204280	918	1
2.204700	982	1
2.205840	220	0
2.205900	433	1
2.206080	324	1
2.207820	292	1
2.207820	552	1
2.214240	662	1
2.214660	689	1
2.216100	115	1
2.217060	446	1
2.217600	912	1
2.218920	557	1
2.219460	967	1
2.219520	28	1
2.219880	827	1
2.220120	195	1
2.220180	536	1
2.228700	966	1
2.231520	257	1
2.234340	627	1
2.236980	450	1
2.240280	196	1
2.240880	356	1
2.242680	795	1
2.244000	778	1
2.247660	512	1
2.248140	55	1
2.251140	604	1
2.251140	57	0
2.257740	435	1
2.257920	321	1
2.259840	1008	1
2.260680	991	1
2.260920	322	1
2.262540	440	1
2.265600	291	1
2.267160	21	1
2.267520	244	1
2.271300	994	1
2.272080	98	0
2.274840	109	1
2.277960	406	1
2.280000	853	1
2.280600	711	1
2.281080	476	1
2.283780	748	1
2.286540	106	0
2.288640	264	1
2.295000	262	1
2.295780	646	1
2.296860	618	1
2.297160	943	1
2.300520	649	1
2.302320	207	1
2.303040	929	1
2.303940	669	1
2.305620	83	1
2.306040	101	0
2.306760	610	1
2.309940	944	1
2.311560	647	1
2.312100	819	1
2.312340	533	1
2.314140	717	1
2.314320	987	1
2.316360	20	1
2.318280	90	0
2.322540	147	0
2.322960	606	1
2.327640	619	1
2.332560	747	1
2.336220	306	1
2.337000	223	1
2.338680	220	0
2.339040	843	1
2.340480	738	1
2.344680	206	1
2.344680	596	1
2.348580	149	1
2.348700	749	1
2.349840	701	1
2.350680	473	1
2.351520	751	1
2.352480	152	1
2.352840	209	0
2.354220	594	1
2.354400	615	1
2.355000	38	1
2.360580	104	1
2.363340	64	0
2.367000	821	1
2.370600	904	1
2.372400	283	1
2.374320	709	1
2.375280	445	1
2.376300	188	0
2.378940	303	1
2.380080	36	0
2.381460	318	1
2.388060	305	1
2.390580	167	1
2.390760	803	1
2.392260	80	1
2.393340	581	1
2.393580	290	1
2.396280	439	1
2.396820	337	1
2.397420	844	1
2.398740	156	1
2.398860	215	1
2.401080	1006	1
2.401620	170	0
2.402160	463	1
2.403480	126	1
2.405040	166	1
2.405880	449	1
2.409000	712	1
2.410320	169	1
2.419860	677	1
2.425440	62	1
2.426280	189	1
2.426520	302	1
2.426640	684	1
2.430780	652	1
2.431080	42	0
2.431260	721	1
2.431320	481	1
2.433000	218	1
2.435580	865	1
2.436840	219	1
2.437800	881	1
2.439780	588	1
2.440980	981	1
2.441700	121	1
2.443380	319	1
2.443980	39	0
2.444220	922	1
2.444340	537	1
2.444580	226	1
2.446680	870	1
2.448060	832	1
2.449800	607	1
2.452320	634	1
2.453280	273	1
2.454900	757	1
2.455320	118	0
2.457240	220	0
2.457480	259	1
2.459220	151	0
2.459400	43	0
2.465580	151	1
2.470080	35	0
2.470980	561	1
2.474160	398	1
2.474580	353	1
2.476260	705	1
2.478240	744	1
2.481180	720	1
2.482140	339	1
2.484120	117	1
2.484540	95	1
2.485560	29	1
2.486640	724	1
2.486700	750	1
2.486760	197	1
2.487960	427	1
2.489100	61	0
2.490360	510	1
2.491200	32	1
2.491560	334	1
2.497020	276	1
2.499060	91	1
2.500980	81	1
2.504100	248	1
2.504580	455	1
2.504880	820	1
2.505060	225	1
2.506680	36	0
2.506980	227	0
2.510700	729	1
2.512200	351	1
2.513520	809	1
2.515320	692	1
2.516220	776	1
2.516880	806	1
2.517720	707	1
2.517900	78	0
2.518560	172	1
2.519100	793	1
2.520240	220	1
2.520480	972	1
2.521560	209	0
2.522700	434	1
2.525460	949	1
2.529720	161	1
2.530560	730	1
2.530980	343	1
2.534280	62	0
2.534640	706	1
2.535480	263	1
2.536800	702	1
2.539440	5	1
2.540100	802	1
2.540220	132	1
2.541540	208	1
2.544600	811	1
2.544720	921	1
2.546940	186	0
2.547000	790	1
2.547540	544	1
2.549520	484	1
2.551800	119	1
2.554800	106	1
2.554800	754	1
2.555340	392	1
2.557740	426	1
2.559060	761	1
2.559240	527	1
2.559540	174	0
2.560620	741	1
2.562900	157	1
2.563320	57	0
2.565120	182	0
2.565720	106	0
2.567640	183	0
2.568000	836	1
2.568660	388	1
2.569920	199	0
2.571420	722	1
2.571720	347	1
2.571780	350	1
2.572320	28	0
2.574480	968	1
2.574540	765	1
2.577600	42	0
2.578500	698	1
2.579220	245	1
2.580060	44	0
2.582520	64	0
2.582760	766	1
2.583000	111	1
2.583660	66	1
2.585160	298	1
2.585460	412	1
2.587260	442	1
2.587680	220	0
2.588280	376	1
2.590500	110	1
2.591280	107	1
2.592360	857	1
2.602440	859	1
2.604660	271	1
2.604840	114	1
2.606520	320	1
2.608020	90	0
2.608500	956	1
2.610000	723	1
2.611320	359	1
2.612100	67	1
2.612100	312	1
2.612340	101	0
2.612700	196	0
2.615220	980	1
2.619840	81	0
2.623320	861	1
2.623920	386	1
2.624280	546	1
2.625360	983	1
2.625540	883	1
2.627340	458	1
2.629740	573	1
2.629980	85	0
2.642280	148	1
2.643120	118	0
2.651220	87	0
2.651520	444	1
2.652540	543	1
2.654160	637	1
2.654160	716	1
2.655540	410	1
2.660340	176	1
2.662500	897	1
2.664300	628	1
2.665680	209	0
2.667240	39	0
2.667360	247	1
2.667660	745	1
2.668860	84	1
2.669400	201	1
2.670600	735	1
2.670720	962	1
2.672340	344	1
2.674980	869	1
2.675160	1013	1
2.675220	415	1
2.676780	764	1
2.679660	891	1
2.680260	313	1
2.681640	144	1
2.681640	399	1
2.683080	214	1
2.687220	275	1
2.690880	220	0
2.691720	586	1
2.692860	417	1
2.694180	93	0
2.696640	336	1
2.697660	329	1
2.699460	365	1
2.705280	304	1
2.706540	289	1
2.707680	464	1
2.708940	967	1
2.710020	789	1
2.711400	73	1
2.712420	574	1
2.714040	295	1
2.715420	889	1
2.715900	42	0
2.719260	971	1
2.720760	699	1
2.722920	93	1
2.725620	654	1
2.731440	955	1
2.734140	236	1
2.734860	711	1
2.735700	641	1
2.737020	965	1
2.737680	285	1
2.738460	409	1
2.738640	801	1
2.740380	909	1
2.742000	85	1
2.745180	183	0
2.749920	845	1
2.752260	892	1
2.753280	673	1
2.753640	453	1
2.754180	600	1
2.754420	470	1
2.755320	736	1
2.757540	602	1
2.758740	660	1
2.759760	408	1
2.762580	243	1
2.765700	837	1
2.768040	333	1
2.771640	558	1
2.773080	254	1
2.773140	878	1
2.777280	467	1
2.780220	101	0
2.781600	460	1
2.783340	308	1
2.786880	933	1
2.787360	268	1
2.789580	118	0
2.789640	418	1
2.792640	235	0
2.793120	231	0
2.794920	115	1
2.798160	547	1
2.799000	868	1
2.799960	438	1
2.800680	15	1
2.800680	798	1
2.805660	440	1
2.806740	884	1
2.807520	370	1
2.809080	220	0
2.815320	421	1
2.815800	68	0
2.816640	984	1
2.818020	362	1
2.821980	924	1
2.827140	192	1
2.828460	606	1
2.829060	55	1
2.830080	98	0
2.833680	72	1
2.836140	436	1
2.837100	640	1
2.837400	843	1
2.837820	627	1
2.840880	461	1
2.841420	87	0
2.841720	406	1
2.844300	86	0
2.847660	704	1
2.848800	819	1
2.849640	272	1
2.850840	209	0
2.854440	170	0
2.854560	36	0
2.855280	963	1
2.855760	173	1
2.856660	446	1
2.856720	200	1
2.859600	454	1
2.859840	570	1
2.861040	781	1
2.861880	911	1
2.863620	416	1
2.865420	505	1
2.866260	805	1
2.866440	90	0
2.868600	305	1
2.869320	931	1
2.870520	102	0
2.870940	358	1
2.874840	314	1
2.878980	476	1
2.880660	122	1
2.881560	725	1
2.886840	277	1
2.887680	489	1
2.888760	257	1
2.896560	100	0
2.902080	959	1
2.903880	676	1
2.905740	20	1
2.905980	452	1
2.907240	630	1
2.907420	337	1
2.907600	557	1
2.907660	106	0
2.908200	456	1
2.910720	831	1
2.914560	621	1
2.914560	224	0
2.915400	101	0
2.918460	129	1
2.923440	114	0
2.926440	977	1
2.926800	437	1
2.927100	928	1
2.928120	215	1
2.929860	794	1
2.932020	251	1
2.934180	994	1
2.935380	220	0
2.937060	293	1
2.937120	472	1
2.937240	494	1
2.939160	597	1
2.940060	25	1
2.942100	210	1
2.959500	449	1
2.960580	261	1
2.960760	491	1
2.963700	717	1
2.964300	827	1
2.965260	568	1
2.967060	118	0
2.970240	663	1
2.970720	903	1
2.971620	982	1
2.974500	646	1
2.978820	83	1
2.979060	548	1
2.979360	234	1
2.979480	912	1
2.981940	235	0
2.982240	291	1
2.983680	936	1
2.983800	88	1
2.984760	720	1
2.985300	213	1
2.987880	786	1
2.989380	1008	1
2.990220	430	1
2.997300	429	1
3.002400	407	1
3.002520	324	1
3.003360	662	1
3.004380	218	1
3.004380	740	1
3.005280	842	1
3.006000	207	1
3.006420	433	1
3.008040	56	1
3.009300	774	1
3.011160	527	1
3.011940	51	1
3.013920	339	1
3.015600	987	1
3.016980	607	1
3.020280	512	1
3.021600	439	1
3.024240	220	0
3.024540	157	1
3.024660	508	1
3.026520	400	1
3.030300	705	1
3.033360	917	1
3.034200	744	1
3.035880	57	1
3.037380	219	1
3.038100	596	1
3.038520	24	1
3.039300	611	1
3.040200	749	1
3.040380	46	1
3.042000	264	1
3.043560	729	1
3.044700	185	1
3.045900	966	1
3.047280	832	1
3.049620	284	1
3.050880	149	1
3.051180	510	1
3.051660	853	1
3.054780	342	1
3.060240	604	1
3.065820	74	1
3.068340	542	1
3.069120	944	1
3.069660	870	1
3.070440	62	0
3.070680	147	0
3.073560	419	1
3.074220	466	1
3.076560	435	1
3.077340	36	0
3.078720	106	0
3.078960	793	1
3.085020	209	0
3.086940	795	1
3.087540	918	1
3.088560	615	1
3.090780	223	1
3.092700	536	1
3.092760	226	1
3.093120	706	1
3.095040	206	1
3.098100	619	1
3.099900	318	1
3.105120	486	1
3.105360	167	1
3.106140	105	1
3.108780	292	1
3.109380	276	1
3.111240	473	1
3.111720	800	1
3.114060	881	1
3.115380	227	0
3.117360	220	0
3.117780	500	1
3.117900	738	1
3.119400	61	0
3.119520	821	1
3.119940	101	0
3.122040	861	1
3.122400	148	1
3.123180	44	1
3.124080	328	1
3.124860	151	0
3.127500	118	0
3.129660	104	1
3.131760	80	1
3.132540	0	1
3.135360	808	1
3.137640	957	1
3.139380	39	0
3.140160	526	1
3.140580	195	1
3.141240	537	1
3.142560	1006	1
3.144720	233	1
3.144720	484	1
3.145020	943	1
3.149400	160	1
3.150900	865	1
3.151860	248	1
3.156180	225	1
3.156720	778	1
3.157980	594	1
3.161880	7	1
3.167220	751	1
3.169020	588	1
3.169080	618	1
3.169200	701	1
3.169380	156	1
3.170100	259	1
3.172560	62	1
3.172620	114	1
3.172860	442	1
3.174060	647	1
3.179040	803	1
3.183360	351	1
3.187260	43	0
3.188640	925	1
3.190080	511	1
3.191580	42	0
3.192900	847	1
3.193380	723	1
3.193680	415	1
3.195060	561	1
3.195240	91	1
3.195780	534	1
3.196920	224	1
3.201720	375	1
3.201900	750	1
3.205980	649	1
3.206760	464	1
3.208980	189	1
3.210840	81	1
3.213060	151	1
3.217320	709	1
3.218640	64	0
3.222300	573	1
3.222960	245	1
3.227520	67	1
3.229260	888	1
3.231360	747	1
3.231360	844	1
3.232380	546	1
3.232680	360	1
3.235560	36	0
3.236520	754	1
3.237960	721	1
3.238080	220	0
3.240300	53	1
3.243120	991	1
3.250740	692	1
3.251400	208	1
3.259620	434	1
3.264060	283	1
3.267780	765	1
3.268500	790	1
3.270480	263	1
3.271260	169	1
3.271380	378	1
3.272280	209	0
3.272340	29	1
3.273840	447	1
3.274080	748	1
3.276180	20	0
3.276420	170	0
3.280020	183	0
3.280560	85	1
3.280680	967	1
3.281280	574	1
3.282180	95	1
3.283980	689	1
3.285060	371	1
3.285600	806	1
3.289500	16	1
3.290880	119	1
3.291000	929	1
3.293160	188	0
3.294540	132	1
3.295140	720	1
3.296580	110	1
3.297960	220	1
3.300480	388	1
3.301620	506	1
3.304020	766	1
3.305700	634	1
3.314280	718	1
3.315360	814	1
3.316140	712	1
3.316800	543	1
3.319260	818	1
3.319380	979	1
3.325800	711	1
3.327840	399	1
3.327900	121	1
3.329280	57	0
3.330060	126	1
3.331860	323	1
3.333480	660	1
3.334560	426	1
3.334800	238	1
3.341340	757	1
3.341760	581	1
3.342900	383	1
3.342960	637	1
3.343260	118	0
3.344280	286	1
3.345060	968	1
3.347580	32	1
3.350280	606	1
3.353220	764	1
3.353640	87	0
3.356940	809	1
3.357420	776	1
3.359460	117	1
3.359880	962	1
3.365580	603	1
3.366240	289	1
3.368100	101	0
3.368580	412	1
3.370500	631	1
3.371460	106	0
3.372660	983	1
3.372840	115	1
3.372900	586	1
3.375060	166	1
3.375180	220	0
3.377820	262	1
3.379380	431	1
3.380760	602	1
3.383160	165	0
3.383880	600	1
3.386040	719	1
3.389160	802	1
3.390300	811	1
3.394560	320	1
3.398460	406	1
3.400440	408	1
3.402000	569	1
3.402420	440	1
3.402480	552	1
3.403200	398	1
3.405300	735	1
3.407640	386	1
3.407640	36	0
3.408240	144	1
3.408240	150	0
3.410820	855	1
3.413880	836	1
3.417660	716	1
3.425400	214	1
3.427020	669	1
3.427320	28	0
3.428700	312	1
3.429000	972	1
3.429300	55	1
3.429360	702	1
3.429660	724	1
3.431100	350	1
3.431760	677	1
3.431880	570	1
3.435600	290	1
3.444240	42	0
3.447120	201	1
3.448920	39	1
3.449820	798	1
3.451500	640	1
3.457020	729	1
3.457380	819	1
3.461460	218	1
3.464580	215	1
3.465480	183	0
3.466800	356	1
3.468540	641	1
3.469320	949	1
3.471480	305	1
3.474000	610	1
3.476640	717	1
3.477240	107	1
3.478380	21	1
3.480660	627	1
3.481080	376	1
3.481260	273	1
3.483780	869	1
3.485940	458	1
3.486000	324	1
3.486780	150	1
3.486960	334	1
3.488520	722	1
3.488580	118	0
3.490560	337	1
3.494280	100	0
3.494640	557	1
3.495000	172	1
3.496080	10	1
3.497100	220	0
3.497280	221	1
3.497400	832	1
3.499740	66	1
3.500220	348	1
3.500460	197	1
3.501360	446	1
3.505800	933	1
3.506400	955	1
3.507420	258	1
3.508380	457	1
3.508980	161	1
3.509880	20	1
3.510360	621	1
3.513420	700	1
3.517620	730	1
3.517920	744	1
3.517980	209	0
3.519420	845	1
3.522540	820	1
3.523200	90	0
3.525120	646	1
3.525540	271	1
3.528060	843	1
3.529020	98	0
3.532080	15	1
3.534540	476	1
3.535980	851	1
3.537240	111	1
3.539160	343	1
3.539940	275	1
3.541920	81	0
3.541980	477	1
3.544680	247	1
3.545820	707	1
3.547620	965	1
3.548340	61	0
3.551220	392	1
3.552360	749	1
3.553140	805	1
3.554520	365	1
3.558240	1013	1
3.559800	605	1
3.560280	793	1
3.562920	922	1
3.563280	257	1
3.566580	662	1
3.569580	352	1
3.570480	418	1
3.574620	219	1
3.578340	817	1
3.578700	192	1
3.579420	358	1
3.579420	708	1
3.579780	801	1
3.582600	170	0
3.582960	304	1
3.585960	931	1
3.586320	980	1
3.586680	706	1
3.586860	630	1
3.587040	336	1
3.587700	210	1
3.590880	339	1
3.592800	409	1
3.596280	359	1
3.596460	182	0
3.597300	994	1
3.600420	705	1
3.602220	42	0
3.603780	344	1
3.608880	558	1
3.614400	981	1
3.614700	101	0
3.617100	308	1
3.622380	827	1
3.622980	410	1
3.624300	956	1
3.625500	596	1
3.627180	467	1
3.627480	795	1
3.628680	298	1
3.629280	220	0
3.630240	65	1
3.633000	36	0
3.636420	285	1
3.640920	597	1
3.647820	417	1
3.650880	73	0
3.652560	93	1
3.653640	861	1
3.654840	911	1
3.654900	987	1
3.660540	698	1
3.663300	544	1
3.664140	439	1
3.664500	912	1
3.664560	243	1
3.665760	652	1
3.666780	473	1
3.668640	322	1
3.672420	313	1
3.673680	232	1
3.673680	607	1
3.673920	720	1
3.678300	68	0
3.683520	87	0
3.684480	438	1
3.685440	962	1
3.687780	421	1
3.689460	870	1
3.691200	251	1
3.691920	494	1
3.695760	83	1
3.698100	786	1
3.698340	147	0
3.698700	982	1
3.699060	984	1
3.702120	415	1
3.703860	277	1
3.704400	207	1
3.704400	891	1
3.705600	157	1
3.705840	682	1
3.707280	470	1
3.708720	449	1
3.709020	148	1
3.709200	114	1
3.709800	205	1
3.710640	684	1
3.711420	306	1
3.714780	84	1
3.716100	264	1
3.718500	472	1
3.722160	628	1
3.722220	318	1
3.723060	704	1
3.723360	928	1
3.724320	619	1
3.726780	370	1
3.729540	353	1
3.730320	220	0
3.730920	676	1
3.732240	118	0
3.734160	248	1
3.736740	966	1
3.737640	484	1
3.738120	90	0
3.738600	714	1
3.741420	546	1
3.741420	738	1
3.742980	276	1
3.743160	1008	1
3.744060	42	0
3.744780	226	1
3.745200	889	1
3.747120	236	1
3.753420	57	0
3.761580	209	0
3.762060	362	1
3.762420	723	1
3.763260	78	0
3.765060	255	0
3.768900	918	1
3.769440	245	1
3.769560	186	0
3.769980	460	1
3.773760	663	1
3.774420	25	1
3.778440	527	1
3.778980	235	0
3.779700	61	0
3.780540	234	1
3.781440	86	0
3.783960	510	1
3.800520	892	1
3.800940	464	1
3.800940	673	1
3.806580	740	1
3.806820	430	1
3.807420	206	1
3.809160	254	1
3.811920	454	1
3.820140	655	1
3.820980	574	1
3.827940	648	1
3.828240	615	1
3.828660	463	1
3.830160	547	1
3.831720	512	1
3.836280	152	1
3.838020	225	1
3.839040	654	1
3.839760	321	1
3.841980	227	0
3.842700	853	1
3.842760	188	1
3.843960	709	1
3.844260	213	1
3.848040	297	1
3.852540	62	1
3.852660	101	0
3.853560	456	1
3.853860	967	1
3.855780	433	1
3.856500	963	1
3.857640	149	1
3.857880	64	0
3.859320	406	1
3.859980	167	1
3.860760	904	1
3.860820	432	1
3.862200	85	1
3.862920	220	0
3.863040	442	1
3.864600	208	1
3.868140	606	1
3.868980	971	1
3.871260	332	1
3.871320	751	1
3.874800	36	0
3.875040	261	1
3.876000	600	1
3.876960	594	1
3.884460	268	1
3.888180	573	1
3.891840	156	1
3.893760	660	1
3.901320	400	1
3.901740	314	1
3.904800	377	1
3.904980	42	0
3.905160	649	1
3.905820	489	1
3.908580	399	1
3.909540	481	1
3.909720	195	1
3.911580	865	1
3.911940	170	0
3.913800	118	0
3.914820	57	0
3.914940	588	1
3.915840	944	1
3.918960	98	0
3.921060	106	0
3.921240	157	0
3.922080	536	1
3.924720	764	1
3.924900	291	1
3.925980	638	1
3.930060	100	0
3.932220	859	1
3.934200	711	1
3.939120	1006	1
3.950160	435	1
3.952500	200	1
3.952800	437	1
3.954060	104	1
3.958500	943	1
3.958920	647	1
3.959580	440	1
3.962520	220	0
3.962820	388	1
3.962820	692	1
3.966000	604	1
3.966540	602	1
3.966780	91	1
3.970560	185	1
3.973320	436	1
3.973980	452	1
3.975600	717	1
3.977760	729	1
3.979920	173	1
3.983760	868	1
3.986340	537	1
3.986580	543	1
3.994020	750	1
3.996300	189	1
3.996420	114	0
3.997500	486	1
3.997560	305	1
4.000080	924	1
4.001700	80	1
4.006860	959	1
4.007880	903	1
4.009740	548	1
4.010220	151	1
4.013940	292	1
4.014660	637	1
4.017720	461	1
4.018260	263	1
4.019820	570	1
4.020360	39	0
4.020840	342	1
4.021020	209	0
4.021140	289	1
4.021980	446	1
4.022280	36	0
4.022820	73	1
4.023120	884	1
4.024860	618	1
4.026960	644	1
4.028400	505	1
4.029120	150	0
4.031460	259	1
4.035120	218	1
4.038960	933	1
4.039320	778	1
4.040640	144	1
4.040760	110	1
4.041360	478	1
4.042320	412	1
4.044900	561	1
4.050360	169	1
4.051380	95	1
4.053180	337	1
4.053660	725	1
4.055220	101	0
4.057920	476	1
4.061220	351	1
4.062900	88	1
4.065060	215	1
4.069140	81	1
4.070700	129	1
4.071180	458	1
4.072260	42	0
4.072680	832	1
4.073760	312	1
4.075140	627	1
4.080600	586	1
4.082640	790	1
4.083180	568	1
4.087440	283	1
4.089240	220	0
4.093140	90	0
4.095360	716	1
4.099320	803	1
4.101840	67	1
4.104600	64	0
4.104720	453	1
4.109460	118	0
4.109820	115	1
4.110420	132	1
4.111260	55	1
4.112220	508	1
4.115400	983	1
4.116660	766	1
4.118160	376	1
4.119840	640	1
4.120380	754	1
4.122300	883	1
4.122420	117	1
4.124880	744	1
4.127220	466	1
4.127460	968	1
4.128180	219	1
4.130700	749	1
4.131060	837	1
4.131720	455	1
4.134180	482	1
4.134900	720	1
4.136040	921	1
4.136100	819	1
4.137060	611	1
4.139460	93	0
4.142760	74	1
4.143120	434	1
4.144620	105	1
4.144740	806	1
4.147260	151	0
4.147320	596	1
4.147320	705	1
4.147620	36	0
4.149660	257	1
4.151340	209	0
4.151640	955	1
4.152600	106	0
4.155600	166	1
4.156560	793	1
4.157940	701	1
4.158180	333	1
4.158600	426	1
4.158960	706	1
4.159800	641	1
4.164000	965	1
4.164660	29	1
4.164960	557	1
4.166280	119	1
4.166340	339	1
4.166580	157	1
4.167300	320	1
4.167540	20	1
4.170480	646	1
4.172760	293	1
4.172880	495	1
4.179720	20	0
4.179780	526	1
4.180980	24	1
4.182120	290	1
4.182840	324	1
4.184100	542	1
4.185900	220	1
4.187880	78	0
4.188420	765	1
4.189860	450	1
4.192380	735	1
4.192380	800	1
4.192440	881	1
4.193340	407	1
4.195440	46	1
4.196220	843	1
4.196220	186	0
4.199340	223	1
4.199340	133	0
4.199400	210	1
4.200540	386	1
4.201800	699	1
4.208100	57	1
4.212000	1022	1
4.212720	148	1
4.212960	747	1
4.217340	358	1
4.221660	546	1
4.222140	844	1
4.222980	745	1
4.227060	757	1
4.229520	180	0
4.230000	51	1
4.232880	32	1
4.233420	821	1
4.234560	226	1
4.235760	160	1
4.236360	126	1
4.237740	962	1
4.238700	718	1
4.240200	114	1
4.240920	795	1
4.242900	220	0
4.243020	634	1
4.243080	689	1
4.243800	44	1
4.244340	415	1
4.246860	736	1
4.249260	244	1
4.249380	53	0
4.253040	398	1
4.253040	183	0
4.253940	836	1
4.254540	192	1
4.254780	0	1
4.255440	295	1
4.258080	44	0
4.259520	827	1
4.260180	991	1
4.261980	621	1
4.262460	798	1
4.263660	994	1
4.264260	408	1
4.265280	172	1
4.267620	418	1
4.268760	409	1
4.274760	861	1
4.278060	789	1
4.278480	809	1
4.280040	90	0
4.281000	786	1
4.281240	165	0
4.283220	247	1
4.285740	811	1
4.286820	748	1
4.288320	42	0
4.290840	776	1
4.290960	721	1
4.291380	57	0
4.291560	677	1
4.292100	214	1
4.293300	245	1
4.295400	802	1
4.296420	869	1
4.296780	56	1
4.297320	533	1
4.297740	336	1
4.301160	350	1
4.301280	161	1
4.301340	805	1
4.302300	61	0
4.305000	494	1
4.307460	473	1
4.308600	28	0
4.309440	83	1
4.310160	877	1
4.312080	248	1
4.312800	122	1
4.315740	15	1
4.316640	7	1
4.317000	440	1
4.318140	220	0
4.319940	662	1
4.320120	121	1
4.321080	118	0
4.324260	630	1
4.326720	209	0
4.328820	53	1
4.329480	870	1
4.330080	304	1
4.331220	857	1
4.333860	195	0
4.334520	449	1
4.335060	987	1
4.336500	464	1
4.341960	114	0
4.344900	669	1
4.346340	199	0
4.347300	702	1
4.350960	107	1
4.353600	40	0
4.355100	467	1
4.355100	949	1
4.356240	262	1
4.359000	271	1
4.359300	170	0
4.359600	878	1
4.362240	801	1
4.366620	344	1
4.369680	28	1
4.369920	406	1
4.370460	711	1
4.372260	264	1
4.374180	36	0
4.379160	558	1
4.379520	334	1
4.381680	722	1
4.382700	738	1
4.384920	897	1
4.385340	741	1
4.385640	597	1
4.391640	318	1
4.393500	929	1
4.395600	484	1
4.399020	276	1
4.402560	607	1
4.403160	49	1
4.403820	931	1
4.407840	967	1
4.410960	984	1
4.414380	66	1
4.415580	220	0
4.416840	16	1
4.417620	712	1
4.418100	399	1
4.419780	93	1
4.421460	660	1
4.422000	774	1
4.423020	85	1
4.425060	820	1
4.429440	814	1
4.432920	348	1
4.435140	707	1
4.436040	510	1
4.437840	417	1
4.438200	574	1
4.439160	966	1
4.439760	606	1
4.442400	761	1
4.444920	197	1
4.447860	213	1
4.449420	911	1
4.449600	730	1
4.450860	101	0
4.451580	125	1
4.452000	207	1
4.458660	977	1
4.460700	729	1
4.462320	439	1
4.463940	275	1
4.464060	371	1
4.465680	421	1
4.465800	912	1
4.469280	224	0
4.471980	62	1
4.474680	676	1
4.476060	347	1
4.477920	981	1
4.478160	251	1
4.478400	284	1
4.479960	383	1
4.480680	889	1
4.481760	709	1
4.482120	845	1
4.482480	39	0
4.482600	392	1
4.483200	581	1
4.487940	21	1
4.489020	527	1
4.490340	208	1
4.490880	808	1
4.492380	723	1
4.492440	273	1
4.495140	199	0
4.497300	724	1
4.498320	163	1
4.500180	118	0
4.501620	365	1
4.504020	104	1
4.508880	272	1
4.510320	865	1
4.512120	156	1
4.515180	758	1
4.518660	619	1
4.519140	663	1
4.519740	305	1
4.520460	692	1
4.520760	720	1
4.524060	573	1
4.527000	928	1
4.527780	90	0
4.529520	111	1
4.529760	323	1
4.531680	600	1
4.531800	356	1
4.532880	285	1
4.532940	831	1
4.533060	982	1
4.538880	85	0
4.542540	220	0
4.543920	225	1
4.544400	183	0
4.545960	410	1
4.549380	909	1
4.550700	106	1
4.551420	717	1
4.554840	206	1
4.559520	740	1
4.560180	25	1
4.565100	42	0
4.565820	153	1
4.567200	337	1
4.567800	470	1
4.568700	1013	1
4.569540	698	1
4.574940	1008	1
4.576080	922	1
4.576740	36	0
4.578360	277	1
4.579200	764	1
4.579440	602	1
4.579680	737	1
4.582140	957	1
4.582860	235	0
4.583160	918	1
4.586640	234	1
4.587300	78	0
4.590840	743	1
4.591260	170	0
4.594380	218	1
4.594560	472	1
4.596900	438	1
4.596900	751	1
4.597080	353	1
4.598280	750	1
4.606860	819	1
4.607040	552	1
4.608180	388	1
4.608780	64	0
4.609080	664	1
4.609260	512	1
4.612560	57	0
4.615500	227	0
4.617600	853	1
4.619340	167	1
4.621860	308	1
4.623240	101	0
4.625460	832	1
4.626360	944	1
4.629660	925	1
4.629900	313	1
4.630380	359	1
4.632060	186	0
4.632900	458	1
4.636260	749	1
4.637280	215	1
4.643280	980	1
4.643700	209	0
4.644540	442	1
4.644960	433	1
4.647300	923	1
4.650540	220	0
4.655400	298	1
4.656180	933	1
4.658160	891	1
4.658580	343	1
4.658700	149	1
4.664700	289	1
4.665780	80	1
4.667040	615	1
4.667820	706	1
4.668060	570	1
4.671180	118	0
4.676820	511	1
4.680960	219	1
4.683480	460	1
4.687140	793	1
4.690980	339	1
4.696380	370	1
4.699740	594	1
4.701660	20	0
4.705440	892	1
4.706760	312	1
4.707000	744	1
4.710360	705	1
4.714080	476	1
4.715580	603	1
4.716660	704	1
4.718100	956	1
4.721100	419	1
4.722540	446	1
4.735440	637	1
4.738860	412	1
4.741500	243	1
4.741980	943	1
4.743540	114	1
4.746480	431	1
4.750020	115	1
4.752060	263	1
4.752180	144	1
4.752240	861	1
4.753440	778	1
4.754580	148	1
4.756320	536	1
4.758900	110	1
4.760760	859	1
4.761960	101	0
4.762860	1006	1
4.764420	201	1
4.770120	627	1
4.773660	628	1
4.776360	647	1
4.776360	220	0
4.777500	610	1
4.777980	36	0
4.779480	972	1
4.780020	454	1
4.780980	376	1
4.783200	95	1
4.785300	649	1
4.785660	55	1
4.788780	716	1
4.794120	150	0
4.800420	766	1
4.801980	189	1
4.805280	546	1
4.806180	596	1
4.810860	28	0
4.816200	257	1
4.819800	192	1
4.824540	790	1
4.825260	543	1
4.826340	588	1
4.826640	151	1
4.830780	994	1
4.831500	20	1
4.832520	537	1
4.839060	329	1
4.840320	42	0
4.844220	714	1
4.845600	795	1
4.849320	224	1
4.851600	91	1
4.851720	640	1
4.851840	955	1
4.853400	147	0
4.861440	962	1
4.861560	618	1
4.865700	430	1
4.866480	586	1
4.868160	362	1
4.869060	440	1
4.870620	547	1
4.874340	209	0
4.874820	754	1
4.875480	765	1
4.876440	557	1
4.876980	983	1
4.877640	604	1
4.878180	132	1
4.886160	29	1
4.886340	157	1
4.887060	236	1
4.888200	406	1
4.888320	456	1
4.889220	843	1
4.889520	803	1
4.893060	415	1
4.893180	72	1
4.894740	210	1
4.895520	400	1
4.896720	435	1
4.899360	561	1
4.904580	641	1
4.905120	226	1
4.905360	283	1
4.907640	968	1
4.908120	987	1
4.910160	646	1
4.910400	81	1
4.910700	324	1
4.910940	473	1
4.911840	151	0
4.914540	291	1
4.918500	971	1
4.918620	195	1
4.919160	292	1
4.924320	711	1
4.925040	965	1
4.925700	173	1
4.925940	118	0
4.928160	366	1
4.929360	166	1
4.929420	735	1
4.937280	486	1
4.941300	61	0
4.944000	888	1
4.944420	248	1
4.944480	786	1
4.944960	729	1
4.947240	100	0
4.948620	64	0
4.950480	963	1
4.951140	220	0
4.955940	426	1
4.957440	494	1
4.958880	245	1
4.958940	386	1
4.962840	223	1
4.965360	684	1
4.974180	259	1
4.978560	606	1
4.979160	106	0
4.980180	200	1
4.982400	73	1
4.986780	574	1
4.989300	276	1
4.989540	375	1
4.990140	568	1
4.995960	505	1
4.996080	436	1
4.998720	185	1
5.001420	621	1
5.001780	720	1
5.005800	673	1
5.011020	449	1
5.013540	489	1
5.016240	464	1
5.017320	437	1
5.017740	689	1
5.019240	254	1
5.021220	800	1
5.021940	967	1
5.024940	409	1
5.025900	196	1
5.025960	418	1
5.026920	306	1
5.027280	723	1
5.028840	548	1
5.034900	118	0
5.035620	172	1
5.037600	83	1
5.038020	481	1
5.038500	117	1
5.038680	32	1
5.038980	93	1
5.039400	36	0
5.039580	264	1
5.040780	57	0
5.042700	129	1
5.043300	214	1
5.043900	738	1
5.044980	358	1
5.046300	208	1
5.052540	407	1
5.052600	452	1
5.055420	268	1
5.057520	85	1
5.060940	39	0
5.062080	573	1
5.063100	305	1
5.063220	527	1
5.064540	78	0
5.070240	747	1
5.073120	399	1
5.074500	398	1
5.075160	821	1
5.076060	510	1
5.077260	924	1
5.077560	293	1
5.079600	101	0
5.082840	408	1
5.082840	718	1
5.083920	176	1
5.085360	302	1
5.088360	247	1
5.088600	798	1
5.099460	630	1
5.099580	847	1
5.100840	745	1
5.103060	805	1
5.103540	378	1
5.104800	457	1
5.105160	434	1
5.106660	88	1
5.110020	160	1
5.111280	597	1
5.112900	169	1
5.113680	318	1
5.113980	869	1
5.115000	67	1
5.115300	105	0
5.117640	461	1
5.117760	215	1
5.118060	220	0
5.118480	209	0
5.119800	64	0
5.120400	304	1
5.121660	286	1
5.122200	319	1
5.124840	717	1
5.125260	218	1
5.128140	844	1
5.136180	544	1
5.136300	607	1
5.141640	692	1
5.143140	776	1
5.145120	206	1
5.146620	870	1
5.147220	337	1
5.147220	868	1
5.151240	959	1
5.153580	991	1
5.154180	57	1
5.155560	161	1
5.157240	350	1
5.159580	126	1
5.160420	74	1
5.160480	15	1
5.161140	71	0
5.163240	197	1
5.163420	251	1
5.164140	757	1
5.166600	213	1
5.169960	806	1
5.170200	336	1
5.172420	558	1
5.172600	351	1
5.172780	207	1
5.174340	156	1
5.175240	984	1
5.176680	205	1
5.177460	106	0
5.179020	439	1
5.179380	342	1
5.180700	634	1
5.181240	709	1
5.183040	225	1
5.183040	484	1
5.183460	220	1
5.184840	36	0
5.185260	152	1
5.185500	107	1
5.187300	42	0
5.189520	477	1
5.190780	118	0
5.191740	62	0
5.192400	219	1
5.193360	43	0
5.194140	46	1
5.194560	295	1
5.195280	600	1
5.197140	466	1
5.198400	339	1
5.199360	170	0
5.203920	262	1
5.204220	57	0
5.207580	53	0
5.209320	660	1
5.209860	911	1
5.213640	271	1
5.214600	903	1
5.216520	334	1
5.216760	35	0
5.217720	712	1
5.219460	314	1
5.219760	86	0
5.221740	90	0
5.223360	52	0
5.224560	39	0
5.228100	261	1
5.228880	62	1
5.229240	602	1
5.230140	220	0
5.231160	80	1
5.232000	446	1
5.232420	809	1
5.233440	931	1
5.233500	832	1
5.234220	663	1
5.237640	764	1
5.237820	352	1
5.238000	611	1
5.241480	912	1
5.241960	320	1
5.243400	662	1
5.243820	61	0
5.248620	701	1
5.250240	312	1
5.250600	49	0
5.250780	148	1
5.252700	158	1
5.252760	482	1
5.253000	933	1
5.257200	526	1
5.257680	333	1
5.260200	706	1
5.264880	193	1
5.266080	730	1
5.266740	77	0
5.267280	508	1
5.267820	748	1
5.271060	119	1
5.271720	290	1
5.276220	669	1
5.277900	442	1
5.278260	114	1
5.278380	542	1
5.279040	744	1
5.280600	861	1
5.280900	115	1
5.281800	802	1
5.284560	101	0
5.286060	289	1
5.287500	827	1
5.290140	793	1
5.292780	811	1
5.294100	458	1
5.295600	865	1
5.296200	51	1
5.296560	750	1
5.298240	104	1
5.299380	722	1
5.300220	188	1
5.305620	693	1
5.306640	209	0
5.309100	220	0
5.309520	44	1
5.311140	44	0
5.311500	725	1
5.312580	467	1
5.313900	234	1
5.314260	229	1
5.314380	383	1
5.315460	881	1
5.316060	820	1
5.316720	581	1
5.317920	749	1
5.318880	720	1
5.320380	167	1
5.323020	819	1
5.323080	258	1
5.324100	463	1
5.325180	42	0
5.325600	417	1
5.327940	232	1
5.330160	705	1
5.330520	801	1
5.333100	277	1
5.337240	619	1
5.337660	344	1
5.338020	546	1
5.339520	702	1
5.342400	36	0
5.344680	415	1
5.345640	24	1
5.347380	740	1
5.349840	186	0
5.349900	180	0
5.352660	729	1
5.353020	28	0
5.354280	751	1
5.355060	322	1
5.356680	275	1
5.357100	652	1
5.358660	376	1
5.361060	878	1
5.364420	7	1
5.364420	144	1
5.365680	851	1
5.369700	421	1
5.370720	308	1
5.371920	257	1
5.372760	795	1
5.373420	0	1
5.373420	918	1
5.373720	676	1
5.374020	677	1
5.374620	356	1
5.374740	1008	1
5.376060	724	1
5.376600	105	1
5.378160	944	1
5.382480	90	0
5.383920	711	1
5.386620	410	1
5.386740	183	0
5.387220	243	1
5.387940	472	1
5.390280	273	1
5.390340	721	1
5.391540	388	1
5.393280	64	0
5.394660	500	1
5.397600	707	1
5.398500	55	1
5.399340	25	1
5.400240	182	0
5.401620	353	1
5.403900	615	1
5.407020	928	1
5.408040	199	0
5.408580	57	0
5.409060	949	1
5.412060	118	0
5.412360	179	0
5.413260	220	0
5.413500	490	1
5.413560	637	1
5.413980	512	1
5.416620	855	1
5.417940	741	1
5.418660	853	1
5.420760	438	1
5.424180	596	1
5.426040	627	1
5.426460	646	1
5.427360	778	1
5.429640	570	1
5.430000	95	1
5.430480	440	1
5.431440	244	1
5.432160	53	1
5.433060	87	0
5.436360	365	1
5.436360	982	1
5.436540	56	1
5.437140	284	1
5.437200	716	1
5.437740	536	1
5.437860	470	1
5.440440	285	1
5.440440	173	0
5.440560	227	0
5.441160	648	1
5.443620	557	1
5.445060	384	1
5.445420	884	1
5.446260	147	0
5.446740	150	1
5.446920	110	1
5.447280	543	1
5.449260	843	1
5.450460	210	1
5.451120	106	0
5.455020	412	1
5.459820	20	1
5.461320	943	1
5.461380	433	1
5.461920	340	1
5.462040	360	1
5.462160	836	1
5.468940	406	1
5.470020	994	1
5.472000	476	1
5.472420	114	0
5.472840	101	0
5.474160	149	1
5.476500	263	1
5.477280	889	1
5.481480	845	1
5.485860	122	1
5.489400	68	0
5.492040	491	1
5.493180	86	0
5.493600	60	0
5.494200	790	1
5.497140	66	1
5.499060	81	0
5.500140	606	1
5.500440	98	0
5.500860	36	0
5.500920	91	1
5.502600	151	1
5.503080	100	0
5.503920	962	1
5.504940	248	1
5.505660	245	1
5.505900	192	1
5.506200	218	0
5.506500	323	1
5.508720	298	1
5.509860	377	1
5.509860	20	0
5.510340	449	1
5.512800	111	1
5.514600	765	1
5.514780	29	1
5.517540	641	1
5.518680	84	1
5.519880	313	1
5.520360	42	0
5.520420	704	1
5.520720	786	1
5.522580	883	1
5.523420	209	0
5.525640	987	1
5.526360	157	1
5.528820	371	1
5.537520	73	0
5.541660	220	0
5.545140	818	1
5.545620	766	1
5.547960	217	1
5.548080	966	1
5.548260	955	1
5.548320	574	1
5.555160	1006	1
5.556600	473	1
5.557200	586	1
5.560740	21	1
5.560800	533	1
5.565240	638	1
5.568780	649	1
5.569200	118	0
5.569680	343	1
5.569800	922	1
5.569920	39	1
5.571600	39	0
5.572020	754	1
5.572500	929	1
5.573760	215	1
5.576640	594	1
5.578200	303	1
5.579100	1013	1
5.582580	81	1
5.586480	226	1
5.587500	399	1
5.589000	173	1
5.590380	10	1
5.595960	968	1
5.597340	16	1
5.600040	967	1
5.600040	981	1
5.602920	324	1
5.603040	808	1
5.606880	460	1
5.607000	85	1
5.612940	305	1
5.615880	132	1
5.619000	337	1
5.619420	647	1
5.620560	983	1
5.622480	359	1
5.623920	803	1
5.625600	170	0
5.627460	789	1
5.628660	980	1
5.631480	464	1
5.631540	537	1
5.631960	618	1
5.632440	494	1
5.633040	738	1
5.633580	432	1
5.635980	904	1
5.636460	78	0
5.639400	527	1
5.639640	640	1
5.642460	219	1
5.649360	631	1
5.649720	723	1
5.650260	510	1
5.650320	573	1
5.655120	717	1
5.658060	588	1
5.659140	339	1
5.659740	561	1
5.664420	370	1
5.672100	972	1
5.674800	208	1
5.679600	719	1
5.690100	283	1
5.692080	133	0
5.692320	247	1
5.695860	83	1
5.696760	447	1
5.697480	220	0
5.703240	82	1
5.707140	621	1
5.707680	209	0
5.710440	151	0
5.714760	418	1
5.718960	218	1
5.720280	408	1
5.723880	36	0
5.725500	57	0
5.726640	774	1
5.728800	32	1
5.729580	692	1
5.730480	214	1
5.737140	956	1
5.744400	965	1
5.749080	189	1
5.749680	430	1
5.750400	166	1
5.754000	195	1
5.759160	297	1
5.760840	735	1
5.761800	736	1
5.763420	831	1
5.764380	597	1
5.765760	400	1
5.767020	767	1
5.768340	426	1
5.776260	744	1
5.776500	800	1
5.777640	409	1
5.778900	118	0
5.783340	264	1
5.785500	709	1
5.785560	358	1
5.786460	720	1
5.792340	963	1
5.793600	321	1
5.794620	439	1
5.802600	892	1
5.807400	454	1
5.809080	511	1
5.809740	729	1
5.810400	101	0
5.811060	921	1
5.811660	607	1
5.816460	276	1
5.818440	706	1
5.819460	747	1
5.820540	221	1
5.823180	292	1
5.829300	869	1
5.837280	700	1
5.837580	870	1
5.841240	630	1
5.842620	348	1
5.843100	304	1
5.844660	148	1
5.846400	156	1
5.846580	220	0
5.847960	415	1
5.852460	251	1
5.853840	170	0
5.856300	207	1
5.862960	805	1
5.864820	793	1
5.864940	172	1
5.867220	604	1
5.868300	628	1
5.870160	416	1
5.872200	80	1
5.873820	552	1
5.874480	891	1
5.874960	106	0
5.882400	991	1
5.884800	933	1
5.885280	764	1
5.885700	798	1
5.888820	386	1
5.898960	206	1
5.906400	209	0
5.908500	821	1
5.908560	757	1
5.909160	15	1
5.909760	446	1
5.910120	318	1
5.913420	213	1
5.920080	750	1
5.920680	660	1
5.924100	236	1
5.928660	407	1
5.929980	201	1
5.931900	711	1
5.932620	225	1
5.934240	42	0
5.936100	689	1
5.936940	911	1
5.937660	861	1
5.937960	971	1
5.940000	220	0
5.946420	291	1
5.946480	749	1
5.948340	114	1
5.948640	819	1
5.951160	456	1
5.958300	362	1
5.959020	705	1
5.963220	406	1
5.963280	64	0
5.967660	398	1
5.969820	484	1
5.971680	259	1
5.972460	115	1
5.975880	169	1
5.981100	197	1
5.983860	962	1
5.985240	312	1
5.986380	388	1
5.987040	121	1
5.990880	832	1
5.991960	806	1
5.996400	436	1
5.996700	977	1
5.997360	350	1
5.998080	505	1
6.000060	931	1
6.000240	55	1
6.002340	776	1
6.002580	257	1
6.003360	827	1
6.003660	62	0
6.008700	435	1
6.009300	200	1
6.012060	62	1
6.014760	254	1
6.015780	289	1
6.016380	101	0
6.020880	909	1
6.021540	602	1
6.022200	458	1
6.023220	440	1
6.024240	220	0
6.027360	275	1
6.027720	161	1
6.030600	351	1
6.035280	67	1
6.040620	149	1
6.041760	126	1
6.043740	104	1
6.045840	100	0
6.047880	36	0
6.049860	118	0
6.051720	795	1
6.058680	809	1
6.061680	93	1
6.063660	117	1
6.067140	865	1
6.068880	95	1
6.069720	868	1
6.071100	20	1
6.073200	606	1
6.076500	663	1
6.077700	215	1
6.077820	844	1
6.077820	984	1
6.081540	375	1
6.082860	167	1
6.083940	912	1
6.086160	376	1
6.087420	801	1
6.088200	336	1
6.088860	437	1
6.091800	434	1
6.092640	547	1
6.096360	558	1
6.099240	268	1
6.100740	600	1
6.101040	185	1
6.101100	1008	1
6.108780	637	1
6.109020	157	1
6.111900	786	1
6.112080	209	0
6.112320	234	1
6.114840	129	1
6.115440	548	1
6.117060	106	0
6.118560	546	1
6.119040	627	1
6.119340	39	0
6.120960	144	1
6.122400	928	1
6.124320	220	1
6.126540	210	1
6.127440	843	1
6.129840	925	1
6.130140	28	0
6.131340	220	0
6.133740	903	1
6.133800	245	1
6.133980	994	1
6.135600	223	1
6.135960	334	1
6.136200	73	1
6.136320	557	1
6.138180	110	1
6.142560	35	0
6.145680	596	1
6.145980	897	1
6.147060	271	1
6.151380	476	1
6.152340	20	0
6.152940	324	1
6.153240	859	1
6.156960	119	1
6.157200	820	1
6.160080	716	1
6.160800	263	1
6.161460	305	1
6.163860	91	1
6.163860	219	1
6.165540	568	1
6.167580	442	1
6.170340	235	0
6.171840	53	0
6.172680	160	1
6.175320	192	1
6.175380	36	0
6.175860	615	1
6.178200	527	1
6.179700	333	1
6.181620	987	1
6.181920	107	1
6.182220	233	1
6.186600	489	1
6.187080	730	1
6.188400	54	0
6.188760	42	0
6.189480	574	1
6.191220	662	1
6.191640	226	1
6.191940	641	1
6.195840	467	1
6.198780	57	0
6.199200	248	1
6.199320	132	1
6.200880	918	1
6.201300	543	1
6.207720	29	1
6.209040	61	0
6.211200	751	1
6.213000	40	0
6.214620	570	1
6.217320	51	1
6.217860	464	1
6.219360	967	1
6.219540	262	1
6.221700	277	1
6.222900	857	1
6.223320	449	1
6.225720	320	1
6.226740	473	1
6.227160	118	0
6.227220	337	1
6.228120	646	1
6.228480	853	1
6.231060	944	1
6.234780	173	1
6.235260	410	1
6.235260	220	0
6.237840	88	1
6.238620	90	0
6.240660	790	1
6.243660	285	1
6.244380	943	1
6.245640	778	1
6.246300	881	1
6.252180	85	1
6.253680	218	1
6.253980	573	1
6.259020	73	0
6.260220	147	0
6.260400	959	1
6.267060	417	1
6.268740	290	1
6.272760	982	1
6.273540	581	1
6.276000	74	1
6.276000	717	1
6.277260	208	1
6.279060	344	1
6.280680	452	1
6.281640	339	1
6.283080	738	1
6.286560	399	1
6.287820	720	1
6.288360	966	1
6.290280	536	1
6.291600	766	1
6.293520	273	1
6.295560	588	1
6.296700	924	1
6.298740	510	1
6.298860	586	1
6.303660	611	1
6.306960	955	1
6.307380	466	1
6.307920	306	1
6.308580	453	1
6.310980	740	1
6.312240	457	1
6.312720	151	1
6.313740	619	1
6.314400	81	1
6.316320	342	1
6.317520	837	1
6.317820	723	1
6.318180	634	1
6.326280	57	1
6.327360	412	1
6.333180	494	1
6.333540	1006	1
6.334560	106	1
6.334800	512	1
6.335460	765	1
6.335520	754	1
6.335940	949	1
6.336180	649	1
6.337860	261	1
6.339840	308	1
6.339900	209	0
6.340020	25	1
6.340500	811	1
6.340680	704	1
6.341040	744	1
6.343980	729	1
6.344100	640	1
6.345060	669	1
6.354180	148	1
6.354240	472	1
6.355020	151	0
6.356220	114	0
6.358500	722	1
6.359040	408	1
6.359340	106	0
6.359760	917	1
6.361860	57	0
6.363660	968	1
6.364080	673	1
6.366240	266	1
6.368160	323	1
6.368340	36	0
6.369360	118	0
6.369540	356	1
6.372060	709	1
6.373260	392	1
6.373860	677	1
6.374880	170	0
6.376260	176	1
6.376800	438	1
6.377220	721	1
6.377580	983	1
6.378840	712	1
6.380640	561	1
6.381300	793	1
6.381600	220	0
6.381840	701	1
6.384240	692	1
6.384840	706	1
6.384960	83	1
6.385200	205	1
6.385560	861	1
6.386580	105	1
6.386820	183	0
6.389400	889	1
6.391020	724	1
6.392940	618	1
6.395040	748	1
6.396600	42	0
6.396840	353	1
6.397740	711	1
6.398880	607	1
6.399360	470	1
6.399600	180	0
6.400440	365	1
6.401100	46	1
6.403620	101	0
6.404340	90	0
6.404880	358	1
6.405540	707	1
6.407640	132	0
6.408660	122	1
6.410100	44	1
6.411000	433	1
6.412140	421	1
6.413400	802	1
6.416640	264	1
6.417240	526	1
6.419520	243	1
6.420000	179	0
6.420180	80	1
6.420780	415	1
6.420960	186	0
6.422400	114	1
6.427680	258	1
6.428340	537	1
6.432540	39	0
6.434940	933	1
6.437640	66	1
6.437700	439	1
6.438480	702	1
6.438840	206	1
6.439260	597	1
6.440160	749	1
6.440940	431	1
6.443280	542	1
6.445500	803	1
6.445500	182	0
6.446280	98	0
6.447720	343	1
6.449220	174	0
6.449940	188	0
6.450060	298	1
6.451620	745	1
6.452040	347	1
6.452580	148	0
6.456120	24	1
6.458220	105	0
6.461160	660	1
6.467280	621	1
6.469680	304	1
6.469920	647	1
6.470460	295	1
6.474180	836	1
6.477540	725	1
6.478800	406	1
6.478980	884	1
6.481740	957	1
6.493440	484	1
6.494400	800	1
6.495840	832	1
6.496200	0	1
6.497160	883	1
6.498420	284	1
6.499140	819	1
6.500100	735	1
6.501600	224	1
6.502980	32	1
6.503340	220	0
6.507600	460	1
6.507660	426	1
6.509580	409	1
6.510840	352	1
6.512640	458	1
6.512820	209	0
6.513060	313	1
6.513240	85	0
6.513540	718	1
6.513900	980	1
6.516000	53	1
6.517740	247	1
6.518220	845	1
6.520260	764	1
6.520500	444	1
6.520860	603	1
6.521040	878	1
6.522300	276	1
6.522720	166	1
6.523320	750	1
6.525420	806	1
6.525720	93	0
6.527400	418	1
6.527940	218	0
6.528180	7	1
6.528420	705	1
6.528780	486	1
6.530520	676	1
6.532020	312	1
6.534120	118	0
6.537480	359	1
6.545940	419	1
6.546780	318	1
6.547140	64	0
6.547680	283	1
6.548400	156	1
6.548400	652	1
6.552000	101	0
6.554580	81	0
6.556560	314	1
6.557100	630	1
6.558600	922	1
6.562380	440	1
6.564060	115	1
6.566040	720	1
6.566400	761	1
6.568680	698	1
6.571320	795	1
6.572700	78	0
6.573420	207	1
6.573720	869	1
6.574260	386	1
6.576420	225	1
6.578340	648	1
6.579300	430	1
6.579300	827	1
6.580260	602	1
6.581040	446	1
6.582660	383	1
6.583920	214	1
6.584340	508	1
6.587280	594	1
6.587280	805	1
6.589320	962	1
6.589920	798	1
6.590940	1013	1
6.591180	219	1
6.591660	370	1
6.592020	350	1
6.592320	189	1
6.595320	371	1
6.601800	220	0
6.605700	743	1
6.606720	972	1
6.606780	293	1
6.610560	476	1
6.611940	56	1
6.613680	183	0
6.613980	684	1
6.614160	87	0
6.615360	708	1
6.615540	450	1
6.617520	149	1
6.620400	114	0
6.620760	965	1
6.620820	150	0
6.624180	86	0
6.624900	84	1
6.626340	699	1
6.627000	606	1
6.631800	631	1
6.632040	195	1
6.635580	388	1
6.637680	482	1
6.637860	215	1
6.639360	257	1
6.640740	36	0
6.642960	461	1
6.643440	981	1
6.648780	55	1
6.649020	808	1
6.649860	62	1
6.652380	747	1
6.656700	477	1
6.657360	689	1
6.658620	870	1
6.659880	259	1
6.661980	351	1
6.664020	101	0
6.668580	814	1
6.669600	42	0
6.670560	210	1
6.674940	407	1
6.676620	929	1
6.678720	291	1
6.681720	235	0
6.683400	637	1
6.684120	664	1
6.687660	104	1
6.690540	463	1
6.694140	376	1
6.694560	286	1
6.696600	209	0
6.700980	111	1
6.701460	15	1
6.704580	20	1
6.706200	956	1
6.708840	366	1
6.710580	62	0
6.710700	292	1
6.716760	544	1
6.717780	546	1
6.717960	654	1
6.720180	757	1
6.720540	213	1
6.722280	931	1
6.723480	596	1
6.723540	324	1
6.724440	67	1
6.725400	301	1
6.728520	904	1
6.728760	95	1
6.729780	923	1
6.732540	220	0
6.736680	991	1
6.737880	226	1
6.738060	275	1
6.738360	786	1
6.739920	339	1
6.742080	289	1
6.742380	627	1
6.745800	106	0
6.749760	161	1
6.750540	263	1
6.750900	192	1
6.753120	218	1
6.753840	360	1
6.757380	305	1
6.758640	322	1
6.767820	91	1
6.767820	57	0
6.770100	843	1
6.770160	464	1
6.770400	21	1
6.771300	467	1
6.773100	245	1
6.773820	64	0
6.774120	399	1
6.774900	398	1
6.775920	68	0
6.776400	16	1
6.781920	61	0
6.784020	78	0
6.787440	157	1
6.787560	738	1
6.788640	377	1
6.789540	87	0
6.790380	71	0
6.795540	435	1
6.797160	90	0
6.797880	36	0
6.798180	776	1
6.801120	337	1
6.802560	910	1
6.805200	558	1
6.806700	473	1
6.807420	573	1
6.807420	911	1
6.808500	663	1
6.814620	600	1
6.814980	73	0
6.816480	574	1
6.817620	110	1
6.818160	29	1
6.821580	248	1
6.822780	716	1
6.826680	511	1
6.829140	251	1
6.829680	449	1
6.830940	169	1
6.831720	557	1
6.833340	455	1
6.835200	223	1
6.837000	994	1
6.837840	167	1
6.837900	1008	1
6.842880	42	0
6.844500	336	1
6.845700	208	1
6.846240	119	1
6.847320	967	1
6.847680	987	1
6.849540	427	1
6.849720	132	1
6.853200	378	1
6.858900	320	1
6.859620	605	1
6.859680	717	1
6.862860	659	1
6.866280	329	1
6.867780	220	0
6.867840	454	1
6.870900	118	0
6.875040	641	1
6.875580	821	1
6.879540	442	1
6.882300	711	1
6.882300	98	0
6.886500	543	1
6.889980	236	1
6.892860	362	1
6.894660	144	1
6.898140	148	1
6.903540	809	1
6.904620	918	1
6.907500	234	1
6.908100	604	1
6.912540	417	1
6.919140	801	1
6.921240	231	0
6.922260	971	1
6.925800	744	1
6.927060	434	1
6.927540	220	1
6.927840	892	1
6.930420	729	1
6.930600	114	1
6.934680	628	1
6.935460	478	1
6.939240	277	1
6.943380	646	1
6.947340	201	1
6.952740	85	1
6.955680	706	1
6.957900	510	1
6.959400	406	1
6.960600	484	1
6.963360	615	1
6.964080	505	1
6.966720	400	1
6.966960	93	1
6.967620	197	1
6.967980	494	1
6.977460	944	1
6.977700	527	1
6.980700	415	1
6.980760	723	1
6.983820	126	1
6.983820	891	1
6.983940	481	1
6.985680	903	1
6.990240	118	0
6.991020	436	1
6.992580	916	1
6.993840	408	1
6.994620	456	1
6.998400	865	1
7.000200	220	0
7.003560	933	1
7.011840	912	1
7.012560	152	1
7.015980	200	1
7.016340	262	1
7.017720	754	1
7.018260	955	1
7.019880	979	1
7.021800	793	1
7.026840	790	1
7.026840	928	1
7.028160	433	1
7.029120	586	1
7.029180	495	1
7.029240	268	1
7.030380	570	1
7.032120	114	0
7.035060	254	1
7.037340	552	1
7.037880	943	1
7.038480	963	1
7.039020	984	1
7.039620	868	1
7.042020	209	0
7.042320	709	1
7.042380	512	1
7.051380	720	1
7.052820	766	1
7.054140	536	1
7.056420	111	0
7.058880	730	1
7.059240	547	1
7.061880	72	1
7.064100	358	1
7.065840	271	1
7.065900	619	1
7.066260	106	0
7.067460	173	1
7.068000	853	1
7.069620	607	1
7.072440	235	0
7.074000	832	1
7.078380	107	1
7.078500	749	1
7.079520	765	1
7.081080	692	1
7.082400	172	1
7.082520	751	1
7.082880	861	1
7.084740	412	1
7.086720	101	0
7.087500	982	1
7.089360	160	1
7.094160	285	1
7.097340	348	1
7.097760	618	1
7.098060	640	1
7.098480	147	0
7.098840	649	1
7.099860	220	0
7.101600	117	1
7.103940	440	1
7.104060	470	1
7.108080	170	0
7.115040	778	1
7.116000	606	1
7.116180	588	1
7.117200	548	1
7.117200	660	1
7.117380	458	1
7.120800	83	1
7.121280	151	1
7.124100	621	1
7.125300	704	1
7.125600	568	1
7.127580	966	1
7.128840	1022	1
7.130880	983	1
7.133100	25	1
7.137480	36	0
7.139820	968	1
7.141260	851	1
7.141980	151	0
7.145220	264	1
7.149660	276	1
7.151160	421	1
7.151460	819	1
7.151700	115	1
7.153200	859	1
7.154580	736	1
7.157880	537	1
7.160400	764	1
7.162560	318	1
7.164420	81	1
7.166040	820	1
7.168260	86	0
7.169340	227	0
7.170420	80	1
7.171800	634	1
7.173360	118	0
7.173600	611	1
7.175220	39	0
7.181700	476	1
7.182300	750	1
7.189380	185	1
7.190940	962	1
7.193220	439	1
7.193880	705	1
7.195140	134	0
7.196400	980	1
7.198200	88	1
7.198320	209	0
7.198860	180	0
7.200360	129	1
7.200540	215	1
7.201560	156	1
7.202160	597	1
7.202520	795	1
7.203000	1006	1
7.203600	662	1
7.205220	561	1
7.207440	602	1
7.210740	881	1
7.211580	827	1
7.212480	304	1
7.216020	803	1
7.220100	800	1
7.229100	273	1
7.229340	446	1
7.232340	669	1
7.235040	220	0
7.238340	255	0
7.244640	125	1
7.249500	308	1
7.250580	949	1
7.257300	218	1
7.257420	219	1
7.258140	356	1
7.259100	207	1
7.259280	164	0
7.260360	409	1
7.262640	647	1
7.264860	805	1
7.268580	489	1
7.270500	786	1
7.271100	418	1
7.271700	149	1
7.271760	581	1
7.272720	55	1
7.273920	334	1
7.275540	121	1
7.277040	74	1
7.278240	305	1
7.279020	206	1
7.279860	42	0
7.281180	257	1
7.281540	101	0
7.284540	630	1
7.290840	32	1
7.295220	36	0
7.295460	343	1
7.295820	789	1
7.302900	73	1
7.305120	707	1
7.305720	39	0
7.305840	225	1
7.308180	534	1
7.310400	261	1
7.311600	735	1
7.312680	921	1
7.313460	802	1
7.315320	596	1
7.321380	437	1
7.321500	104	1
7.322040	66	1
7.324320	247	1
7.325160	312	1
7.327080	811	1
7.335720	20	1
7.338120	546	1
7.343280	844	1
7.343580	64	0
7.346880	836	1
7.347180	798	1
7.348320	748	1
7.349340	870	1
7.350960	721	1
7.352280	740	1
7.352580	843	1
7.353840	464	1
7.355760	637	1
7.356060	847	1
7.358340	62	1
7.358760	220	0
7.363740	724	1
7.366920	324	1
7.367220	410	1
7.369620	711	1
7.370520	627	1
7.372920	106	0
7.372980	337	1
7.374240	61	0
7.374780	855	1
7.376520	701	1
7.381740	157	1
7.382220	283	1
7.382820	744	1
7.383600	226	1
7.383780	472	1
7.385100	192	1
7.387080	209	0
7.388700	342	1
7.388700	206	0
7.391640	388	1
7.392540	148	1
7.394040	967	1
7.396260	95	1
7.399020	438	1
7.399500	747	1
7.403580	526	1
7.404120	290	1
7.405920	869	1
7.407420	57	1
7.408200	729	1
7.410180	248	1
7.411080	339	1
7.411140	486	1
7.413000	24	1
7.414080	298	1
7.419300	399	1
7.423080	959	1
7.423140	51	1
7.423320	716	1
7.425600	291	1
7.430520	722	1
7.430700	57	0
7.433100	91	1
7.433400	573	1
7.435320	717	1
7.436640	344	1
7.437120	365	1
7.437540	712	1
7.437780	78	0
7.439340	166	1
7.439580	673	1
7.440300	263	1
7.444080	714	1
7.447500	689	1
7.447620	965	1
7.448220	245	1
7.448520	445	1
7.448580	774	1
7.456500	452	1
7.458180	466	1
7.463340	845	1
7.466580	702	1
7.466700	745	1
7.467300	473	1
7.469700	118	0
7.471920	292	1
7.473120	114	1
7.473120	884	1
7.473660	67	1
7.475040	110	1
7.476240	46	1
7.477080	313	1
7.477920	931	1
7.478880	188	0
7.479180	289	1
7.479300	353	1
7.479480	188	1
7.481520	738	1
7.485180	706	1
7.486980	426	1
7.488060	359	1
7.490460	295	1
7.493160	406	1
7.493640	93	0
7.496760	386	1
7.497480	720	1
7.497840	806	1
7.498020	44	0
7.498140	350	1
7.499100	36	0
7.499220	243	1
7.501140	574	1
7.503120	42	0
7.504500	105	0
7.506360	132	1
7.506360	741	1
7.507440	220	0
7.507740	723	1
7.510020	376	1
7.510980	214	1
7.511280	29	1
7.511460	0	1
7.515300	676	1
7.515720	430	1
7.516020	557	1
7.516200	186	0
7.517160	81	0
7.520460	889	1
7.522200	28	1
7.522680	275	1
7.523520	87	0
7.524480	757	1
7.524900	259	1
7.525920	122	1
7.528680	737	1
7.529700	725	1
7.530300	370	1
7.530780	85	0
7.531680	15	1
7.531980	182	0
7.533900	189	1
7.534800	183	0
7.537260	277	1
7.537320	392	1
7.537620	293	1
7.538520	85	1
7.539720	600	1
7.539840	105	1
7.545900	64	0
7.546380	210	1
7.548300	955	1
7.550520	77	0
7.552440	224	1
7.552440	646	1
7.552560	663	1
7.553340	68	0
7.554960	594	1
7.555080	44	1
7.557780	709	1
7.558200	86	0
7.560720	208	1
7.561380	408	1
7.561860	1013	1
7.562820	251	1
7.564620	698	1
7.565880	460	1
7.566180	677	1
7.566240	457	1
7.570920	90	0
7.575480	994	1
7.575960	776	1
7.578780	793	1
7.580700	415	1
7.589100	692	1
7.590360	57	0
7.592760	118	0
7.593900	321	1
7.597680	336	1
7.598280	306	1
7.600980	719	1
7.602120	161	1
7.602720	956	1
7.603560	10	1
7.604880	832	1
7.606560	987	1
7.607280	991	1
7.607580	170	0
7.607640	693	1
7.608540	98	0
7.610160	195	1
7.611420	333	1
7.617120	837	1
7.620660	223	1
7.623120	718	1
7.623600	981	1
7.626180	461	1
7.627080	144	1
7.627800	7	1
7.628400	440	1
7.628460	220	0
7.631340	558	1
7.631760	861	1
7.638180	215	1
7.639200	209	0
7.641540	213	1
7.643040	494	1
7.644660	962	1
7.647060	606	1
7.647840	1008	1
7.648980	351	1
7.650420	319	1
7.652580	641	1
7.656480	484	1
7.658040	234	1
7.658940	809	1
7.659120	765	1
7.659900	53	1
7.665600	449	1
7.666260	276	1
7.672920	857	1
7.677000	801	1
7.681140	150	0
7.681620	83	1
7.685460	286	1
7.686420	36	0
7.686540	417	1
7.686960	607	1
7.698420	439	1
7.700280	933	1
7.700700	221	1
7.702980	219	1
7.707360	924	1
7.711620	39	1
7.713780	20	0
7.715460	167	1
7.716180	790	1
7.717440	442	1
7.720440	778	1
7.720680	21	1
7.725540	764	1
7.726740	684	1
7.728180	527	1
7.732020	543	1
7.734120	236	1
7.736880	510	1
7.738980	115	1
7.740960	118	0
7.742520	615	1
7.745460	106	0
7.751160	705	1
7.757340	749	1
7.759860	586	1
7.760760	101	0
7.762740	660	1
7.764960	220	0
7.768980	169	1
7.770360	407	1
7.773720	470	1
7.773900	375	1
7.774860	922	1
7.775760	943	1
7.777320	232	1
7.779120	476	1
7.780860	453	1
7.783440	977	1
7.784460	766	1
7.787160	446	1
7.787880	80	1
7.790760	412	1
7.792260	467	1
7.795800	458	1
7.798500	264	1
7.801320	512	1
7.811940	398	1
7.815060	971	1
7.823220	93	1
7.823280	819	1
7.827060	456	1
7.829220	257	1
7.829940	891	1
7.831680	433	1
7.836300	865	1
7.837800	218	1
7.838460	477	1
7.841220	604	1
7.842720	244	1
7.843140	421	1
7.844760	454	1
7.849140	640	1
7.851180	944	1
7.851840	55	1
7.852560	911	1
7.862700	435	1
7.863540	156	1
7.866720	114	0
7.867800	588	1
7.869000	536	1
7.870920	570	1
7.872840	984	1
7.873140	744	1
7.875300	508	1
7.875600	464	1
7.878600	711	1
7.879260	912	1
7.879740	16	1
7.881120	220	0
7.884540	982	1
7.885380	431	1
7.888380	56	1
7.890240	126	1
7.891380	447	1
7.891380	101	0
7.892040	149	1
7.898760	751	1
7.899480	918	1
7.912260	25	1
7.912680	618	1
7.913340	754	1
7.913520	172	1
7.914780	209	0
7.919760	111	1
7.923660	151	1
7.924560	197	1
7.924740	729	1
7.926060	436	1
7.927200	537	1
7.929840	245	1
7.930020	968	1
7.930140	418	1
7.931160	36	0
7.935540	324	1
7.937820	843	1
7.938300	42	0
7.938540	546	1
7.939320	20	1
7.941180	983	1
7.941600	1006	1
7.946160	400	1
7.952340	786	1
7.953240	794	1
7.955100	511	1
7.955820	619	1
7.961520	980	1
7.961760	750	1
7.964040	795	1
7.964160	878	1
7.966860	966	1
7.967400	963	1
7.967460	207	1
7.971720	434	1
7.972740	406	1
7.972860	271	1
7.973400	358	1
7.975200	928	1
7.975560	200	1
7.976340	262	1
7.976400	505	1
7.977600	432	1
7.978200	118	0
7.978680	119	1
7.978980	419	1
7.979820	972	1
7.981020	649	1
7.982880	148	1
7.984500	720	1
7.984980	235	0
7.988220	808	1
7.988340	220	0
7.991760	827	1
7.994880	547	1
7.996980	227	0
7.997760	602	1
7.998060	255	0
8.000460	821	1
8.002860	853	1
8.006460	305	1
8.008620	717	1
8.011080	662	1
8.012460	157	1
8.016180	929	1
8.016960	621	1
8.020320	104	1
8.020320	383	1
8.020320	800	1
8.025660	114	1
8.026080	561	1
8.026440	473	1
8.028180	337	1
8.028240	323	1
8.028720	967	1
8.031840	704	1
8.035320	965	1
8.037480	597	1
8.037840	409	1
8.038380	39	0
8.041380	339	1
8.042160	220	1
8.047800	957	1
8.048400	101	0
8.050320	596	1
8.050800	859	1
8.051340	226	1
8.052240	371	1
8.054220	892	1
8.056140	870	1
8.057700	201	1
8.061420	630	1
8.063160	248	1
8.063220	415	1
8.067540	627	1
8.074080	62	1
8.076060	706	1
8.076840	647	1
8.077320	573	1
8.079900	738	1
8.083980	574	1
8.084880	805	1
8.086740	568	1
8.087040	362	1
8.087400	723	1
8.089860	320	1
8.090280	106	0
8.093220	637	1
8.093340	220	0
8.093580	147	0
8.093880	284	1
8.093880	634	1
8.095860	440	1
8.096340	600	1
8.102520	399	1
8.104380	869	1
8.105040	883	1
8.105400	318	1
8.105700	205	1
8.108760	209	0
8.109060	285	1
8.110680	348	1
8.111460	151	0
8.115900	85	1
8.116560	81	1
8.120580	90	0
8.121660	955	1
8.125380	548	1
8.126520	803	1
8.128500	170	0
8.130060	86	0
8.132040	176	1
8.132820	152	0
8.134740	962	1
8.135220	206	1
8.137020	611	1
8.137140	716	1
8.138340	925	1
8.138700	798	1
8.140200	304	1
8.140560	247	1
8.140680	931	1
8.141040	100	0
8.142120	42	0
8.146620	107	1
8.147160	481	1
8.147580	606	1
8.150760	544	1
8.151780	949	1
8.154960	254	1
8.158080	881	1
8.164680	289	1
8.165100	533	1
8.166660	628	1
8.166840	820	1
8.168220	888	1
8.170320	557	1
8.176440	735	1
8.177700	95	1
8.180280	192	1
8.180400	408	1
8.180940	542	1
8.181480	314	1
8.182440	219	1
8.184360	861	1
8.185020	730	1
8.185200	455	1
8.192520	388	1
8.195400	903	1
8.197500	740	1
8.199660	312	1
8.202420	36	0
8.203020	220	0
8.203800	489	1
8.205420	276	1
8.206320	308	1
8.206440	909	1
8.210460	709	1
8.210460	118	0
8.211000	291	1
8.211240	211	0
8.211480	793	1
8.211780	449	1
8.211900	376	1
8.214180	110	1
8.214240	213	0
8.215500	117	1
8.221020	343	1
8.223780	272	1
8.224140	844	1
8.227320	356	1
8.230080	78	0
8.233380	646	1
8.233860	133	0
8.234580	91	1
8.234820	426	1
8.237640	61	0
8.238240	225	1
8.238300	386	1
8.239140	652	1
8.240460	832	1
8.241900	581	1
8.242800	552	1
8.249340	904	1
8.251080	438	1
8.254920	897	1
8.255400	994	1
8.257020	663	1
8.259600	351	1
8.262360	88	1
8.263080	277	1
8.263380	208	1
8.265060	209	0
8.268060	217	1
8.269140	669	1
8.269320	98	0
8.271180	263	1
8.271780	233	1
8.271900	707	1
8.273040	527	1
8.277600	173	1
8.278200	57	0
8.279580	258	1
8.279880	210	1
8.282340	297	1
8.283900	251	1
8.284320	292	1
8.284860	243	1
8.287020	64	0
8.288700	692	1
8.288760	62	0
8.295060	293	1
8.297100	987	1
8.299440	53	0
8.300400	705	1
8.301720	275	1
8.303760	712	1
8.305380	889	1
8.306100	214	1
8.306940	350	1
8.307060	220	0
8.307300	747	1
8.307780	765	1
8.308260	298	1
8.309280	68	0
8.310480	500	1
8.312820	711	1
8.313300	701	1
8.315160	353	1
8.316840	84	1
8.318220	129	1
8.318640	802	1
8.320200	342	1
8.320800	283	1
8.322480	73	0
8.322720	558	1
8.323320	215	1
8.324580	67	1
8.325420	463	1
8.327640	933	1
8.328240	748	1
8.330460	302	1
8.338680	273	1
8.340480	744	1
8.342100	749	1
8.344620	29	1
8.345400	81	0
8.345580	806	1
8.348280	132	1
8.350020	32	1
8.350860	811	1
8.350920	166	1
8.351040	660	1
8.351700	290	1
8.352840	77	0
8.353020	268	1
8.355360	494	1
8.358480	543	1
8.360400	365	1
8.362320	729	1
8.362560	313	1
8.362740	189	1
8.362800	90	0
8.363880	36	0
8.366160	195	1
8.369820	510	1
8.370780	266	1
8.371260	607	1
8.372160	814	1
8.372880	306	1
8.373000	482	1
8.373540	218	1
8.373600	641	1
8.375820	484	1
8.376660	234	1
8.377020	764	1
8.379600	819	1
8.380920	721	1
8.382600	213	1
8.382600	60	0
8.384160	259	1
8.388960	344	1
8.389860	115	1
8.390640	689	1
8.392140	336	1
8.394180	981	1
8.394360	334	1
8.395080	745	1
8.395440	118	0
8.396520	790	1
8.397780	377	1
8.397840	15	1
8.397840	229	1
8.398560	161	1
8.398560	257	1
8.398620	74	1
8.399280	105	0
8.399460	57	0
8.399880	720	1
8.401980	183	0
8.409300	55	1
8.410080	757	1
8.411520	150	0
8.412060	781	1
8.414160	223	1
8.418660	673	1
8.419140	464	1
8.419500	776	1
8.420040	410	1
8.422620	68	0
8.423580	923	1
8.424300	1008	1
8.424480	439	1
8.425560	220	0
8.426280	724	1
8.426760	868	1
8.430300	778	1
8.431320	322	1
8.435220	603	1
8.436180	66	1
8.436300	83	1
8.437020	66	0
8.440560	61	0
8.440920	87	0
8.441220	347	1
8.441700	305	1
8.441940	569	1
8.442840	702	1
8.444040	64	0
8.446080	85	0
8.447880	855	1
8.448660	809	1
8.448900	80	1
8.455080	486	1
8.458260	73	1
8.458260	186	0
8.458860	801	1
8.459220	766	1
8.464680	460	1
8.466480	75	0
8.466660	250	1
8.467800	470	1
8.471400	148	1
8.471640	209	0
8.472300	430	1
8.474940	884	1
8.476500	648	1
8.479140	101	0
8.479320	188	0
8.479740	586	1
8.479920	417	1
8.479980	836	1
8.481180	677	1
8.484840	51	1
8.486400	78	0
8.488140	406	1
8.488140	722	1
8.489100	261	1
8.490660	717	1
8.491680	458	1
8.496000	114	1
8.496660	236	1
8.499180	442	1
8.502180	170	0
8.505000	845	1
8.509200	160	1
8.509500	370	1
8.509860	476	1
8.509980	795	1
8.510820	615	1
8.510880	789	1
8.512080	324	1
8.514480	156	1
8.515200	149	1
8.516220	736	1
8.516460	20	1
8.518440	248	1
8.518560	245	1
8.521200	218	0
8.522460	118	0
8.524680	83	0
8.526300	631	1
8.528820	144	1
8.529360	843	1
8.531460	42	0
8.532780	699	1
8.533020	46	1
8.538360	546	1
8.538960	169	1
8.539020	594	1
8.541420	167	1
8.543460	676	1
8.547360	359	1
8.549640	640	1
8.549700	412	1
8.550540	786	1
8.551680	57	1
8.554020	421	1
8.555580	172	1
8.556000	36	0
8.559180	754	1
8.559900	157	1
8.559900	495	1
8.563320	153	1
8.564400	98	0
8.572560	39	0
8.576220	1013	1
8.576700	452	1
8.577600	743	1
8.582940	793	1
8.584920	433	1
8.587560	467	1
8.589240	337	1
8.592660	446	1
8.596080	122	1
8.596800	750	1
8.598900	43	0
8.601180	466	1
8.601780	93	1
8.602320	196	1
8.603280	865	1
8.604900	121	1
8.604900	220	0
8.609880	24	1
8.614200	226	1
8.617680	418	1
8.617800	847	1
8.623680	180	0
8.626260	472	1
8.628360	264	1
8.628420	706	1
8.629080	271	1
8.634240	415	1
8.634660	339	1
8.635140	967	1
8.635560	44	1
8.635740	440	1
8.637240	959	1
8.638500	912	1
8.638560	152	1
8.639760	512	1
8.641440	737	1
8.642820	818	1
8.646780	0	1
8.648220	197	1
8.652000	105	0
8.652780	456	1
8.652960	574	1
8.654040	101	0
8.654100	943	1
8.654700	134	0
8.657100	573	1
8.658120	832	1
8.658300	106	0
8.664780	105	1
8.666400	606	1
8.669820	536	1
8.672100	921	1
8.674740	450	1
8.678580	85	1
8.678700	738	1
8.679240	473	1
8.683320	151	1
8.683980	150	1
8.684520	126	1
8.685120	720	1
8.685480	800	1
8.687100	824	1
8.688720	982	1
8.690460	104	1
8.692440	41	0
8.692740	207	1
8.694720	723	1
8.695260	114	0
8.695320	944	1
8.695680	221	1
8.697000	136	1
8.698020	968	1
8.698140	604	1
8.698200	28	0
8.698920	7	1
8.699400	62	1
8.702820	821	1
8.706120	209	0
8.706240	215	1
8.708160	718	1
8.708640	238	1
8.710200	39	0
8.714100	627	1
8.715300	956	1
8.715600	36	0
8.716800	761	1
8.717160	220	0
8.717400	842	1
8.717580	621	1
8.718300	662	1
8.719620	219	1
8.719980	399	1
8.720520	42	0
8.723820	983	1
8.726280	407	1
8.726280	588	1
8.727240	870	1
8.729760	118	0
8.732520	378	1
8.732520	984	1
8.733360	208	1
8.733720	714	1
8.737740	637	1
8.741820	991	1
8.742240	869	1
8.743440	25	1
8.745480	602	1
8.762880	20	0
8.764740	352	1
8.767260	600	1
8.767680	57	0
8.768100	597	1
8.769540	618	1
8.769900	570	1
8.772840	630	1
8.774220	729	1
8.775780	805	1
8.778660	861	1
8.779020	596	1
8.780520	1006	1
8.781060	206	1
8.781780	751	1
8.782260	185	1
8.782560	165	0
8.783340	966	1
8.785560	53	1
8.786460	955	1
8.787360	437	1
8.787540	150	0
8.789100	827	1
8.792100	537	1
8.795940	962	1
8.799180	918	1
8.799840	147	0
8.800860	971	1
8.800980	716	1
8.802600	454	1
8.802900	400	1
8.803740	878	1
8.804040	725	1
8.806320	220	0
8.807460	853	1
8.809680	965	1
8.810340	911	1
8.816640	851	1
8.823000	928	1
8.823420	398	1
8.825100	798	1
8.826060	931	1
8.826540	110	1
8.827440	711	1
8.828940	227	0
8.829180	649	1
8.830380	95	1
8.833800	561	1
8.840820	744	1
8.841240	980	1
8.841360	81	1
8.841780	505	1
8.843880	209	0
8.844840	235	0
8.845560	891	1
8.849040	619	1
8.849160	449	1
8.849460	106	1
8.850840	557	1
8.851560	231	0
8.852700	409	1
8.857620	358	1
8.859900	705	1
8.861820	698	1
8.866500	774	1
8.868900	276	1
8.871960	435	1
8.874420	972	1
8.875980	119	1
8.877000	236	0
8.882460	255	0
8.884320	118	0
8.886240	106	0
8.890920	192	1
8.891940	933	1
8.897340	547	1
8.897880	200	1
8.898240	607	1
8.901360	922	1
8.902980	704	1
8.904780	647	1
8.907660	388	1
8.908980	646	1
8.912640	692	1
8.912760	225	1
8.912820	151	0
8.913600	386	1
8.913780	218	1
8.913900	803	1
8.917860	220	0
8.918100	91	1
8.920560	881	1
8.920860	700	1
8.921520	892	1
8.923380	740	1
8.923500	408	1
8.930700	735	1
8.934180	819	1
8.940240	527	1
8.946480	111	1
8.947080	436	1
8.947980	684	1
8.948820	173	1
8.951580	709	1
8.952300	42	0
8.953200	232	0
8.955480	953	1
8.957340	994	1
8.960280	170	0
8.960880	224	1
8.967000	634	1
8.967540	406	1
8.971200	21	1
8.971500	663	1
8.979240	36	0
8.979420	910	1
8.979840	148	1
8.983620	419	1
8.987220	101	0
8.987340	765	1
8.987460	924	1
8.987580	859	1
8.988360	717	1
8.992140	837	1
8.992440	660	1
8.993100	987	1
8.998440	289	1
8.999340	764	1
9.004920	963	1
9.009540	526	1
9.011100	114	1
9.011280	117	1
9.018180	115	1
9.018240	749	1
9.018300	464	1
9.031680	209	0
9.032100	220	0
9.033480	510	1
9.034140	820	1
9.038280	434	1
9.040320	839	1
9.047640	844	1
9.051000	257	1
9.053100	55	1
9.053160	949	1
9.056760	210	1
9.060540	806	1
9.065160	426	1
9.071160	56	1
9.077700	235	0
9.087300	790	1
9.088800	706	1
9.092700	494	1
9.093960	1008	1
9.095940	312	1
9.099060	669	1
9.105420	16	1
9.107640	730	1
9.109920	701	1
9.115500	324	1
9.116340	508	1
9.118260	611	1
9.124380	157	1
9.127200	20	1
9.129480	440	1
9.130680	720	1
9.138000	107	1
9.140100	29	1
9.141000	543	1
9.141960	581	1
9.144120	832	1
9.144360	305	1
9.144780	67	1
9.148560	415	1
9.148740	39	1
9.151800	558	1
9.153000	909	1
9.153180	132	1
9.156360	376	1
9.156360	748	1
9.157500	318	1
9.158340	15	1
9.158520	118	0
9.167880	275	1
9.168000	251	1
9.168240	348	1
9.175260	641	1
9.178260	220	0
9.180960	967	1
9.184440	263	1
9.186540	80	1
9.189660	442	1
9.190620	476	1
9.192600	149	1
9.192780	337	1
9.193860	234	1
9.196800	586	1
9.197640	223	1
9.200100	484	1
9.201180	248	1
9.201900	83	1
9.205860	350	1
9.206760	548	1
9.210000	292	1
9.211980	916	1
9.220740	793	1
9.223740	795	1
9.227880	32	1
9.231000	546	1
9.233220	747	1
9.235080	339	1
9.235080	766	1
9.235500	320	1
9.236100	392	1
9.237720	245	1
9.243720	708	1
9.244800	214	1
9.248160	189	1
9.249240	606	1
9.250260	291	1
9.255900	129	1
9.256560	889	1
9.257040	439	1
9.257340	383	1
9.265380	654	1
9.268440	36	0
9.269460	283	1
9.270960	259	1
9.273060	458	1
9.273420	209	0
9.274260	912	1
9.276420	473	1
9.277200	290	1
9.278820	90	0
9.281400	88	1
9.282060	344	1
9.282420	489	1
9.282720	721	1
9.283320	277	1
9.283920	160	1
9.284040	568	1
9.286380	574	1
9.287220	365	1
9.289560	156	1
9.291300	744	1
9.291900	10	1
9.293040	729	1
9.295080	215	1
9.296220	1022	1
9.298020	219	1
9.299460	757	1
9.301260	264	1
9.301500	226	1
9.301560	101	0
9.303840	750	1
9.306720	304	1
9.309000	399	1
9.309360	362	1
9.312540	811	1
9.313200	247	1
9.313740	356	1
9.314100	118	0
9.314400	628	1
9.314460	778	1
9.316140	786	1
9.317160	843	1
9.317520	195	1
9.318000	412	1
9.320160	201	1
9.321000	273	1
9.321000	64	0
9.321180	78	0
9.321360	865	1
9.321780	573	1
9.322080	353	1
9.323640	262	1
9.324120	711	1
9.325620	741	1
9.327480	903	1
9.327480	85	0
9.328320	754	1
9.329220	615	1
9.329820	371	1
9.330540	62	0
9.331680	343	1
9.332100	220	0
9.335340	351	1
9.336180	57	0
9.337560	470	1
9.338760	286	1
9.340080	93	1
9.341220	336	1
9.345600	61	0
9.345660	870	1
9.347580	213	1
9.347880	446	1
9.349620	86	0
9.350280	723	1
9.356100	60	0
9.356220	183	0
9.356340	254	1
9.360540	323	1
9.362100	418	1
9.363120	298	1
9.364200	334	1
9.365100	433	1
9.365340	417	1
9.365520	100	0
9.365640	85	1
9.366480	73	0
9.367080	467	1
9.367500	457	1
9.367740	236	1
9.368520	702	1
9.368880	68	0
9.372540	144	1
9.379080	809	1
9.379140	81	0
9.379740	724	1
9.381900	431	1
9.382500	738	1
9.383220	101	0
9.384060	801	1
9.384420	43	0
9.384840	84	0
9.385620	208	1
9.386100	453	1
9.386220	70	0
9.386460	220	1
9.387060	602	1
9.389640	293	1
9.391380	449	1
9.394800	689	1
9.396840	313	1
9.396840	776	1
9.398940	105	0
9.399780	73	1
9.399780	421	1
9.399840	98	0
9.401940	460	1
9.407340	295	1
9.409500	102	0
9.411180	114	0
9.411540	268	1
9.412440	438	1
9.418260	845	1
9.418680	800	1
9.420180	819	1
9.421440	106	0
9.422460	77	0
9.424320	968	1
9.424440	861	1
9.424860	707	1
9.427260	410	1
9.429120	640	1
9.429900	271	1
9.430680	533	1
9.431340	342	1
9.434580	206	1
9.434700	821	1
9.435720	218	1
9.439380	258	1
9.439380	472	1
9.439620	243	1
9.441060	802	1
9.442380	276	1
9.442680	169	1
9.446100	167	1
9.446580	192	1
9.447600	66	0
9.449100	93	0
9.449760	308	1
9.451320	74	1
9.451680	359	1
9.452940	110	1
9.458700	186	0
9.459720	161	1
9.462240	722	1
9.462300	166	1
9.464100	72	1
9.464160	857	1
9.465000	301	1
9.466320	36	0
9.467280	118	0
9.467340	709	1
9.468540	333	1
9.470640	62	1
9.474300	692	1
9.476280	207	1
9.478200	767	1
9.478860	285	1
9.479040	712	1
9.479460	375	1
9.479880	42	0
9.480420	220	0
9.482460	662	1
9.482460	944	1
9.483840	527	1
9.484080	600	1
9.485340	306	1
9.485460	232	1
9.486180	87	0
9.486840	209	0
9.486960	430	1
9.487560	884	1
9.489060	225	1
9.489780	62	0
9.490140	607	1
9.490260	55	0
9.491280	720	1
9.492900	570	1
9.494160	321	1
9.494280	745	1
9.494580	57	0
9.496080	61	0
9.498120	90	0
9.499500	314	1
9.501720	406	1
9.502980	719	1
9.504240	983	1
9.507780	289	1
9.509100	64	0
9.509400	943	1
9.511740	148	1
9.513000	370	1
9.513780	257	1
9.515040	197	1
9.517500	114	1
9.517500	188	1
9.518640	35	0
9.518700	717	1
9.521520	78	0
9.521640	46	1
9.521760	984	1
9.522180	172	1
9.522720	43	0
9.524040	72	0
9.524940	71	0
9.531360	552	1
9.533400	982	1
9.533700	627	1
9.534240	81	1
9.536820	621	1
9.537120	798	1
9.539040	65	1
9.543120	456	1
9.543960	312	1
9.547620	84	1
9.547620	716	1
9.547740	104	1
9.547800	210	1
9.548640	51	1
9.548760	869	1
9.551280	170	0
9.552000	673	1
9.552780	95	1
9.552960	637	1
9.553320	68	0
9.555000	511	1
9.555000	705	1
9.555060	557	1
9.556980	660	1
9.559320	70	0
9.559500	261	1
9.562800	193	1
9.563520	955	1
9.564480	646	1
9.566460	836	1
9.566820	284	1
9.567300	596	1
9.571920	220	0
9.572220	630	1
9.572640	244	1
9.575040	60	0
9.577260	53	0
9.577860	25	1
9.578340	536	1
9.578940	827	1
9.585600	962	1
9.585720	806	1
9.588780	1013	1
9.589200	36	0
9.591360	86	0
9.593340	588	1
9.594600	147	0
9.595200	619	1
9.596220	808	1
9.596940	91	1
9.598500	157	1
9.598920	358	1
9.600960	151	1
9.604860	66	1
9.605820	805	1
9.605940	57	1
9.609240	537	1
9.611400	853	1
9.614520	55	1
9.615120	911	1
9.616020	604	1
9.617400	409	1
9.617520	764	1
9.620880	966	1
9.621960	376	1
9.622380	126	1
9.623520	765	1
9.626580	965	1
9.626700	618	1
9.628380	217	1
9.628620	122	1
9.628620	649	1
9.629220	735	1
9.629340	151	0
9.629400	42	0
9.630000	464	1
9.630540	20	0
9.630840	494	1
9.632160	408	1
9.633060	918	1
9.633540	594	1
9.634380	933	1
9.636840	749	1
9.640920	512	1
9.641040	561	1
9.642000	931	1
9.642120	597	1
9.644160	751	1
9.648420	39	0
9.651360	118	0
9.653460	676	1
9.654480	1006	1
9.654900	220	0
9.655500	205	1
9.657480	115	1
9.658140	101	0
9.658500	148	0
9.664380	928	1
9.666180	814	1
9.666600	706	1
9.667860	0	1
9.668820	677	1
9.668880	209	0
9.669180	510	1
9.670560	466	1
9.674640	440	1
9.675360	994	1
9.678900	415	1
9.681840	183	0
9.685440	482	1
9.685860	24	1
9.687360	388	1
9.690420	324	1
9.692040	832	1
9.694740	740	1
9.696240	125	1
9.697200	663	1
9.698280	227	0
9.698760	477	1
9.699180	142	0
9.700980	634	1
9.702360	219	1
9.704760	82	1
9.704820	991	1
9.704940	701	1
9.706320	793	1
9.706560	981	1
9.714660	647	1
9.715200	603	1
9.719340	542	1
9.722520	7	1
9.723540	987	1
9.724080	20	1
9.726960	29	1
9.730260	693	1
9.731640	36	0
9.735540	106	0
9.737700	803	1
9.738120	664	1
9.741660	426	1
9.742380	215	1
9.749160	505	1
9.750960	150	0
9.751380	476	1
9.751920	305	1
9.753000	543	1
9.756840	711	1
9.758220	967	1
9.759360	744	1
9.759600	980	1
9.760980	606	1
9.761340	972	1
9.763380	220	0
9.764760	463	1
9.765600	248	1
9.772080	337	1
9.776100	672	1
9.776340	452	1
9.777480	957	1
9.777600	729	1
9.778560	435	1
9.780000	132	1
9.780300	929	1
9.786420	114	0
9.787200	648	1
9.789300	44	1
9.790320	442	1
9.790440	163	1
9.791160	544	1
9.794940	339	1
9.798840	1008	1
9.800040	437	1
9.800940	53	1
9.803580	235	0
9.804720	139	0
9.808020	959	1
9.809280	546	1
9.810300	925	1
9.813360	400	1
9.818040	185	1
9.822420	118	0
9.822780	398	1
9.832020	319	1
9.833040	156	1
9.834000	720	1
9.834600	407	1
9.836280	736	1
9.836580	922	1
9.839220	547	1
9.840900	652	1
9.845820	790	1
9.845880	106	0
9.847560	669	1
9.849600	971	1
9.851580	209	1
9.852120	486	1
9.852840	347	1
9.854520	386	1
9.858300	795	1
9.858660	631	1
9.858780	718	1
9.860100	158	1
9.861840	574	1
9.862560	83	1
9.862620	704	1
9.863340	558	1
9.864600	119	1
9.866400	245	1
9.867960	399	1
9.868080	454	1
9.869040	956	1
9.872940	436	1
9.873840	766	1
9.875640	586	1
9.883980	439	1
9.893640	165	0
9.895080	434	1
9.896400	883	1
9.897960	446	1
9.899280	42	0
9.900240	173	1
9.901860	120	1
9.902520	455	1
9.908040	573	1
9.909480	149	1
9.909960	101	0
9.915180	251	1
9.916560	484	1
9.916920	209	0
9.920220	275	1
9.923160	111	1
9.924180	39	0
9.926400	220	0
9.927120	723	1
9.928740	638	1
9.932580	117	1
9.933960	473	1
9.934860	36	0
9.941760	534	1
9.941940	200	1
9.944520	32	1
9.944580	754	1
9.948780	881	1
9.949740	892	1
9.951720	264	1
9.953940	963	1
9.954480	147	0
9.957360	80	1
9.958560	93	0
9.959400	725	1
9.964500	730	1
9.965880	234	1
9.966360	67	1
9.966780	214	1
9.977760	458	1
9.981120	449	1
9.984960	106	0
9.987360	844	1
9.992160	118	0
9.992700	949	1
9.999120	148	1
10.001640	272	1
10.003860	28	1
10.004160	21	1
10.004580	406	1
10.010460	292	1
10.011480	15	1
10.012800	750	1
10.022940	820	1
10.023840	641	1
10.036620	861	1
10.038480	416	1
10.040220	350	1
10.041780	444	1
10.043880	692	1
10.047240	640	1
10.047360	843	1
10.051740	644	1
10.055460	481	1
10.057020	891	1
10.064400	283	1
10.064700	600	1
10.065120	904	1
10.065540	527	1
10.066320	85	1
10.069560	218	1
10.075440	226	1
10.075980	602	1
10.084560	786	1
10.085760	581	1
10.087800	819	1
10.092060	912	1
10.096380	870	1
10.100340	615	1
10.103220	114	1
10.108020	747	1
10.109100	160	1
10.109220	709	1
10.110060	195	1
10.110300	412	1
10.110840	490	1
10.111860	418	1
10.113480	213	1
10.117260	107	1
10.118940	778	1
10.121040	209	0
10.123140	491	1
10.123320	192	1
10.123620	220	0
10.125600	968	1
10.126920	152	1
10.127760	104	1
10.128840	144	1
10.131540	207	1
10.131720	263	1
10.137240	748	1
10.141020	865	1
10.143000	93	1
10.145700	962	1
10.146720	291	1
10.147080	717	1
10.153260	137	1
10.153440	738	1
10.155480	427	1
10.157760	39	0
10.159680	500	1
10.162920	621	1
10.163160	62	1
10.163520	611	1
10.165740	868	1
10.166520	259	1
10.166820	206	1
10.168260	924	1
10.171380	646	1
10.172160	42	0
10.172220	36	0
10.182420	157	1
10.182720	208	1
10.184160	699	1
10.184220	61	0
10.185420	859	1
10.186200	110	1
10.188180	419	1
10.188900	276	1
10.189080	705	1
10.190640	749	1
10.191000	289	1
10.191240	798	1
10.192320	878	1
10.192800	56	1
10.201980	489	1
10.204020	869	1
10.204380	944	1
10.204860	660	1
10.205820	933	1
10.209180	223	1
10.212720	513	1
10.213860	20	0
10.215180	170	0
10.215300	220	0
10.216320	219	1
10.217340	855	1
10.218180	464	1
10.220520	757	1
10.223640	257	1
10.224900	607	1
10.225500	227	0
10.227300	55	1
10.227420	557	1
10.227480	247	1
10.228980	334	1
10.231500	467	1
10.233540	43	0
10.234500	225	1
10.235460	415	1
10.236900	417	1
10.237260	129	1
10.237440	832	1
10.237620	943	1
10.239660	57	0
10.240320	983	1
10.240500	440	1
10.243140	570	1
10.245120	720	1
10.246320	955	1
10.247040	716	1
10.247220	318	1
10.250040	189	1
10.252080	510	1
10.253760	209	0
10.254960	433	1
10.255320	793	1
10.255680	637	1
10.256700	115	1
10.257060	721	1
10.258860	729	1
10.262940	508	1
10.263240	64	0
10.263540	180	0
10.264320	744	1
10.264560	95	1
10.265760	290	1
10.266300	88	1
10.266540	302	1
10.268940	460	1
10.270020	210	1
10.275360	322	1
10.277340	662	1
10.281360	627	1
10.282680	809	1
10.283580	409	1
10.286160	101	0
10.286940	801	1
10.288320	344	1
10.290300	236	1
10.292760	764	1
10.293900	789	1
10.295760	689	1
10.297200	421	1
10.298100	305	1
10.299180	706	1
10.299840	619	1
10.300080	800	1
10.300200	494	1
10.300500	630	1
10.303920	408	1
10.304400	388	1
10.304520	495	1
10.304700	376	1
10.305000	712	1
10.305480	16	1
10.305900	821	1
10.308960	169	1
10.310280	62	0
10.311120	36	0
10.313100	827	1
10.313940	312	1
10.314000	215	1
10.315020	596	1
10.315620	186	0
10.316220	118	0
10.321800	167	1
10.322880	248	1
10.324200	324	1
10.324500	765	1
10.326660	320	1
10.326660	711	1
10.327740	220	0
10.328820	20	1
10.334100	470	1
10.334100	98	0
10.337520	90	0
10.337940	91	1
10.339260	994	1
10.340640	606	1
10.341360	536	1
10.342920	161	1
10.344060	805	1
10.345140	1006	1
10.346040	104	0
10.346220	78	0
10.346400	845	1
10.349040	537	1
10.349520	100	0
10.351020	702	1
10.352580	277	1
10.357440	806	1
10.359900	353	1
10.360320	430	1
10.361460	984	1
10.363500	811	1
10.364760	802	1
10.366440	472	1
10.366800	982	1
10.367940	476	1
10.368840	132	1
10.369200	337	1
10.369680	365	1
10.370220	967	1
10.371900	911	1
10.373160	273	1
10.373340	29	1
10.373400	166	1
10.375080	339	1
10.375380	546	1
10.376040	25	1
10.378020	358	1
10.378200	183	0
10.379220	931	1
10.380660	561	1
10.380960	329	1
10.382520	114	0
10.385160	308	1
10.385280	220	1
10.386840	399	1
10.388940	735	1
10.389900	921	1
10.391820	701	1
10.392960	965	1
10.393740	548	1
10.396140	147	0
10.397520	81	1
10.398660	362	1
10.398720	220	0
10.401000	268	1
10.402080	698	1
10.402800	197	1
10.403700	343	1
10.409580	795	1
10.409880	442	1
10.409880	447	1
10.411620	987	1
10.411860	439	1
10.412160	336	1
10.413960	853	1
10.415700	298	1
10.416180	304	1
10.417260	53	0
10.418280	526	1
10.422000	151	0
10.422840	306	1
10.423200	285	1
10.425360	245	1
10.425480	85	0
10.425600	426	1
10.426620	722	1
10.430520	86	0
10.431420	271	1
10.431960	359	1
10.434960	663	1
10.435140	351	1
10.436100	81	0
10.440900	172	1
10.441920	836	1
10.442520	445	1
10.443900	134	0
10.446540	889	1
10.448520	918	1
10.450080	118	0
10.450560	105	0
10.451280	106	0
10.452480	406	1
10.455060	512	1
10.456080	61	0
10.456260	74	1
10.456560	83	0
10.457940	966	1
10.458120	313	1
10.462980	438	1
10.463040	262	1
10.463040	295	1
10.463700	231	0
10.464600	95	0
10.467480	410	1
10.468560	201	1
10.471080	751	1
10.474020	323	1
10.476240	254	1
10.477260	928	1
10.481640	77	0
10.482240	151	1
10.483680	342	1
10.483680	457	1
10.484340	87	0
10.484760	628	1
10.486740	370	1
10.487280	803	1
10.487700	618	1
10.488420	68	0
10.490040	255	0
10.490460	574	1
10.491480	332	1
10.492380	243	1
10.492800	348	1
10.493220	220	0
10.495980	149	1
10.496220	70	0
10.496520	102	0
10.497960	377	1
10.498440	392	1
10.500060	100	0
10.501920	774	1
10.503000	314	1
10.504800	156	1
10.505280	209	0
10.505580	884	1
10.506000	634	1
10.506720	293	1
10.507140	333	1
10.508040	588	1
10.508460	101	0
10.510320	340	1
10.511460	64	0
10.511760	148	1
10.513200	227	0
10.514040	90	0
10.516920	98	0
10.517580	818	1
10.518660	604	1
10.519020	261	1
10.520640	647	1
10.520880	468	1
10.521780	597	1
10.521960	909	1
10.522020	594	1
10.523100	153	1
10.523220	724	1
10.523760	861	1
10.523820	42	0
10.524000	677	1
10.524720	790	1
10.530900	126	1
10.531920	73	1
10.532220	73	0
10.532820	93	0
10.534380	224	1
10.534680	218	1
10.534860	1008	1
10.537320	573	1
10.539480	432	1
10.539900	649	1
10.541280	446	1
10.542000	543	1
10.542240	766	1
10.545780	458	1
10.545900	723	1
10.548240	456	1
10.550940	847	1
10.554060	36	0
10.554540	843	1
10.556220	39	0
10.559220	284	1
10.559520	981	1
10.560840	586	1
10.561740	275	1
10.562220	114	1
10.562700	991	1
10.566060	352	1
10.568700	676	1
10.569540	114	0
10.571520	903	1
10.573380	449	1
10.575360	118	0
10.575840	150	0
10.576080	740	1
10.577400	51	1
10.579620	151	0
10.579860	754	1
10.582500	511	1
10.582920	66	0
10.583700	897	1
10.583880	568	1
10.592100	1013	1
10.594740	286	1
10.595400	147	0
10.598400	61	0
10.602900	80	1
10.605660	258	1
10.610280	602	1
10.618320	350	1
10.618440	692	1
10.620060	962	1
10.620540	837	1
10.621620	356	1
10.626960	220	0
10.627860	558	1
10.629360	737	1
10.630320	44	0
10.632360	121	1
10.632900	450	1
10.634520	407	1
10.637040	819	1
10.637580	473	1
10.640700	842	1
10.641420	400	1
10.643400	386	1
10.644660	461	1
10.645260	720	1
10.647180	170	0
10.648380	707	1
10.652520	718	1
10.656540	371	1
10.656840	83	1
10.657740	66	1
10.660080	378	1
10.662720	505	1
10.667940	717	1
10.668180	24	1
10.669740	440	1
10.671480	431	1
10.671540	46	1
10.673880	527	1
10.681560	729	1
10.682520	217	1
10.682940	209	0
10.684380	484	1
10.693020	669	1
10.696740	214	1
10.702920	310	1
10.703220	704	1
10.703520	383	1
10.709160	316	1
10.710240	776	1
10.711800	264	1
10.712100	730	1
10.712580	750	1
10.715520	67	1
10.715820	205	1
10.715940	101	0
10.716660	466	1
10.719900	453	1
10.720680	226	1
10.720860	709	1
10.722540	475	1
10.725000	786	1
10.726440	85	1
10.727160	641	1
10.728120	118	0
10.729440	186	0
10.731660	87	0
10.732320	219	1
10.734720	547	1
10.738440	808	1
10.742400	276	1
10.744320	673	1
10.756560	435	1
10.762620	303	1
10.764360	744	1
10.766640	208	1
10.768920	870	1
10.770480	714	1
10.772940	922	1
10.773900	57	0
10.775340	542	1
10.776000	283	1
10.778280	464	1
10.782540	552	1
10.785900	78	0
10.786140	192	1
10.792680	437	1
10.797300	912	1
10.798560	412	1
10.800960	615	1
10.801440	398	1
10.801560	725	1
10.803000	660	1
10.803780	42	0
10.804440	220	0
10.805820	844	1
10.807560	738	1
10.810140	418	1
10.812780	185	1
10.813260	798	1
10.814760	684	1
10.814880	57	1
10.817820	415	1
10.818300	933	1
10.818540	745	1
10.820700	424	1
10.824480	851	1
10.826220	7	1
10.828740	557	1
10.830540	206	1
10.831860	110	1
10.831980	881	1
10.835040	627	1
10.836000	743	1
10.836960	170	0
10.838880	376	1
10.839180	106	0
10.840320	115	0
10.840800	606	1
10.842720	646	1
10.844100	117	1
10.844340	251	1
10.844940	741	1
10.846260	0	1
10.850340	888	1
10.850700	207	1
10.851060	705	1
10.851240	923	1
10.852020	36	0
10.852740	832	1
10.853640	749	1
10.854060	971	1
10.855680	32	1
10.859580	711	1
10.861980	706	1
10.865160	15	1
10.866000	292	1
10.866480	209	0
10.866780	793	1
10.871940	748	1
10.873380	865	1
10.873800	436	1
10.874220	452	1
10.874880	62	1
10.876800	956	1
10.882140	478	1
10.882440	173	1
10.882680	366	1
10.883460	225	1
10.886520	248	1
10.887780	220	0
10.891500	621	1
10.891500	968	1
10.894860	339	1
10.895040	454	1
10.897680	761	1
10.897740	157	1
10.901340	640	1
10.910460	764	1
10.911360	324	1
10.913100	959	1
10.914480	399	1
10.916040	55	1
10.917480	122	1
10.917660	189	0
10.919460	827	1
10.919520	234	1
10.922400	600	1
10.925580	183	0
10.926660	883	1
10.928820	210	1
10.930620	93	1
10.930860	95	1
10.933020	195	1
10.939020	144	1
10.939560	980	1
10.941960	104	1
10.942500	806	1
10.943880	289	1
10.944360	965	1
10.946760	375	1
10.949640	115	1
10.950240	805	1
10.952520	778	1
10.958820	409	1
10.961340	291	1
10.963020	388	1
10.963860	215	1
10.964820	801	1
10.966920	477	1
10.967220	57	0
10.968420	510	1
10.970280	891	1
10.970280	180	0
10.970340	44	1
10.971660	257	1
10.974840	36	0
10.975080	337	1
10.976820	716	1
10.977240	101	0
10.978140	408	1
10.979520	263	1
10.980960	213	1
10.983060	820	1
10.985280	869	1
10.986060	434	1
10.988040	20	1
10.989600	220	0
10.990860	630	1
10.991880	800	1
10.993740	955	1
10.994100	757	1
10.997340	994	1
10.997760	944	1
10.998960	967	1
10.999380	662	1
11.001540	972	1
11.004420	305	1
11.005920	28	0
11.008440	983	1
11.009700	747	1
11.009760	494	1
11.016420	607	1
11.017500	118	0
11.018640	312	1
11.018880	476	1
11.024940	53	1
11.026200	637	1
11.027040	962	1
11.027820	765	1
11.029020	426	1
11.029680	446	1
11.031000	859	1
11.031060	949	1
11.031180	235	0
11.033160	209	0
11.033280	20	0
11.034540	467	1
11.035200	290	1
11.039700	29	1
11.040420	91	1
11.043000	720	1
11.043540	106	0
11.043720	129	1
11.045520	987	1
11.048880	148	1
11.048880	546	1
11.052360	245	1
11.052360	406	1
11.052660	892	1
11.055900	1006	1
11.056800	861	1
11.060340	259	1
11.063760	918	1
11.070960	132	1
11.071800	200	1
11.073480	929	1
11.076240	111	1
11.076600	358	1
11.080980	220	0
11.083860	596	1
11.084100	223	1
11.086320	417	1
11.089680	487	1
11.090640	857	1
11.093040	448	1
11.093100	536	1
11.093580	943	1
11.097420	442	1
11.097900	42	0
11.100060	114	0
11.100840	963	1
11.101740	247	1
11.101920	712	1
11.103120	843	1
11.106480	231	0
11.108340	277	1
11.108880	931	1
11.111700	512	1
11.111880	167	1
11.116020	21	1
11.116020	433	1
11.117940	160	1
11.118720	809	1
11.120520	472	1
11.121600	795	1
11.122740	359	1
11.122920	701	1
11.124960	189	1
11.128500	911	1
11.129340	984	1
11.130180	819	1
11.130960	458	1
11.135340	470	1
11.135880	439	1
11.137020	421	1
11.138220	147	0
11.138280	90	0
11.138400	101	0
11.138880	966	1
11.141460	463	1
11.141820	619	1
11.143860	218	1
11.145240	64	0
11.147640	821	1
11.149020	982	1
11.149080	114	1
11.149500	537	1
11.151780	196	1
11.154600	320	1
11.155620	118	0
11.156160	81	1
11.156520	107	1
11.157840	729	1
11.158440	344	1
11.164500	574	1
11.166240	10	1
11.168460	449	1
11.171640	736	1
11.174100	889	1
11.175540	878	1
11.176140	689	1
11.176200	176	1
11.177040	602	1
11.177820	166	1
11.178540	220	0
11.180100	39	0
11.180460	1008	1
11.181300	735	1
11.183400	811	1
11.183880	149	1
11.184180	360	1
11.185020	581	1
11.186940	169	1
11.190780	440	1
11.191860	236	1
11.194080	84	1
11.195820	663	1
11.195820	36	0
11.205480	156	1
11.205660	80	1
11.207640	573	1
11.210220	853	1
11.215260	457	1
11.217360	161	1
11.217780	543	1
11.221860	106	0
11.223000	334	1
11.224200	318	1
11.226960	928	1
11.229120	721	1
11.229840	39	1
11.230320	561	1
11.238780	723	1
11.238840	351	1
11.240820	25	1
11.241060	786	1
11.242020	197	1
11.243520	570	1
11.244720	717	1
11.245740	486	1
11.247300	868	1
11.248800	42	0
11.250840	119	1
11.251980	209	0
11.255640	255	0
11.257140	336	1
11.261700	981	1
11.275260	489	1
11.277780	473	1
11.286900	953	1
11.287680	268	1
11.289360	831	1
11.289960	151	1
11.290200	790	1
11.295180	226	1
11.295360	415	1
11.299020	83	1
11.299920	702	1
11.300760	924	1
11.304660	460	1
11.304720	35	0
11.305020	484	1
11.308380	220	0
11.309400	227	0
11.310120	711	1
11.310600	933	1
11.311140	365	1
11.311620	722	1
11.312340	802	1
11.313420	527	1
11.317500	744	1
11.318280	221	1
11.319300	606	1
11.320320	353	1
11.322960	558	1
11.327820	172	1
11.329980	611	1
11.337000	118	0
11.337480	754	1
11.342820	275	1
11.343780	957	1
11.344560	350	1
11.346960	481	1
11.347140	803	1
11.350140	273	1
11.351340	706	1
11.352240	766	1
11.355300	464	1
11.356200	586	1
11.357280	634	1
11.358300	430	1
11.359380	647	1
11.362140	235	0
11.364420	342	1
11.364540	709	1
11.367540	692	1
11.370540	386	1
11.371860	534	1
11.372460	641	1
11.378700	276	1
11.378940	904	1
11.384400	61	0
11.384940	482	1
11.384940	751	1
11.385120	271	1
11.386320	170	0
11.387220	991	1
11.387820	88	1
11.389560	845	1
11.395680	544	1
11.398080	285	1
11.399160	219	1
