0.099000	744	1
0.101400	148	1
0.152280	114	1
0.154080	406	1
0.191580	720	1
0.193500	473	1
0.201600	218	1
0.213660	729	1
0.235560	723	1
0.238680	220	0
0.241080	415	1
0.250440	440	1
0.257340	337	1
0.258300	717	1
0.275520	248	1
0.276600	149	1
0.284340	706	1
0.285000	573	1
0.286740	967	1
0.296580	561	1
0.297120	207	1
0.302760	764	1
0.303420	276	1
0.304800	793	1
0.305040	711	1
0.306300	494	1
0.307500	305	1
0.308040	215	1
0.317100	832	1
0.318540	426	1
0.326460	264	1
0.328800	324	1
0.331800	157	1
0.333780	600	1
0.335820	219	1
0.339000	399	1
0.343140	85	1
0.348960	607	1
0.357540	994	1
0.358140	557	1
0.362760	987	1
0.364740	606	1
0.368100	192	1
0.369360	292	1
0.369840	388	1
0.373320	754	1
0.373800	749	1
0.376260	339	1
0.377220	386	1
0.380700	220	0
0.383040	62	1
0.386280	408	1
0.390600	766	1
0.393840	546	1
0.397380	716	1
0.397860	983	1
0.397980	226	1
0.399900	861	1
0.400380	36	0
0.402300	206	1
0.403800	484	1
0.404400	209	0
0.408840	968	1
0.413160	660	1
0.413400	257	1
0.414900	735	1
0.415440	574	1
0.415740	251	1
0.416880	245	1
0.417660	412	1
0.419820	692	1
0.420300	464	1
0.421740	20	1
0.422160	790	1
0.425100	933	1
0.427920	83	1
0.429840	640	1
0.431160	118	0
0.433440	805	1
0.433980	627	1
0.439800	778	1
0.444960	55	1
0.445980	156	1
0.451440	709	1
0.453120	646	1
0.453600	458	1
0.454020	965	1
0.454740	208	1
0.456120	439	1
0.457920	819	1
0.458400	214	1
0.458520	95	1
0.462000	765	1
0.462360	225	1
0.463860	962	1
0.468180	705	1
0.468780	843	1
0.468840	786	1
0.470040	596	1
0.473160	247	1
0.473880	827	1
0.474120	637	1
0.474480	409	1
0.474660	67	1
0.475860	263	1
0.477360	663	1
0.477840	476	1
0.479100	115	1
0.482520	57	0
0.483000	955	1
0.485160	602	1
0.486600	25	1
0.486660	170	0
0.487140	750	1
0.489960	144	1
0.490620	417	1
0.492660	91	1
0.494520	42	0
0.495300	220	0
0.496080	167	1
0.496440	104	1
0.496980	336	1
0.497580	101	0
0.498000	984	1
0.498060	795	1
0.498780	943	1
0.499200	738	1
0.499620	446	1
0.508620	210	1
0.508800	289	1
0.510120	275	1
0.510720	449	1
0.510960	870	1
0.511320	29	1
0.512760	110	1
0.512760	132	1
0.513600	234	1
0.514080	195	1
0.514800	630	1
0.516000	641	1
0.516960	36	0
0.518160	621	1
0.518580	982	1
0.518880	64	0
0.522060	106	0
0.525300	430	1
0.526920	277	1
0.527040	189	1
0.530220	570	1
0.531000	291	1
0.532320	467	1
0.534720	744	1
0.536040	798	1
0.536160	806	1
0.536820	911	1
0.537600	213	1
0.538500	558	1
0.538740	800	1
0.539760	81	1
0.540840	662	1
0.540960	350	1
0.544680	220	1
0.545940	853	1
0.546840	510	1
0.547200	61	0
0.547260	1008	1
0.548160	254	1
0.548280	62	0
0.548940	418	1
0.549720	150	0
0.550500	28	0
0.552300	512	1
0.553140	801	1
0.554760	209	0
0.556440	80	1
0.556920	720	1
0.557040	689	1
0.557880	114	0
0.557940	472	1
0.558180	803	1
0.560640	918	1
0.563940	931	1
0.564000	966	1
0.564420	312	1
0.566340	740	1
0.568500	704	1
0.568860	604	1
0.568980	68	0
0.571620	433	1
0.572700	20	0
0.573000	359	1
0.573240	821	1
0.574380	15	1
0.575580	745	1
0.576240	166	1
0.577500	751	1
0.577560	470	1
0.577740	220	0
0.578220	119	1
0.578940	747	1
0.579060	527	1
0.579120	597	1
0.579720	944	1
0.580380	748	1
0.585000	543	1
0.585600	586	1
0.585960	912	1
0.586200	376	1
0.588840	358	1
0.590400	118	0
0.590460	991	1
0.590700	928	1
0.592440	147	0
0.593460	581	1
0.593700	421	1
0.594180	721	1
0.596040	869	1
0.597960	148	1
0.600000	53	0
0.602820	304	1
0.603000	271	1
0.603060	649	1
0.603480	151	1
0.605460	227	0
0.606060	283	1
0.606660	318	1
0.606720	1006	1
0.606960	262	1
0.607860	537	1
0.607980	619	1
0.609180	169	1
0.611220	290	1
0.613980	712	1
0.615180	536	1
0.615780	351	1
0.616560	173	1
0.617460	344	1
0.619920	117	1
0.620520	442	1
0.620760	334	1
0.621600	701	1
0.621780	647	1
0.625320	236	1
0.626160	757	1
0.627000	615	1
0.630240	151	0
0.630360	161	1
0.631500	981	1
0.634560	188	0
0.634680	126	1
0.635160	618	1
0.635160	844	1
0.635940	865	1
0.638460	729	1
0.639720	243	1
0.639900	42	0
0.641820	677	1
0.642720	197	1
0.643440	134	0
0.643920	348	1
0.643980	588	1
0.644460	90	0
0.644820	32	1
0.644880	114	1
0.645240	36	0
0.645720	93	1
0.645780	802	1
0.646260	669	1
0.646500	809	1
0.649560	285	1
0.650100	353	1
0.651540	320	1
0.651720	365	1
0.653520	676	1
0.654060	730	1
0.654600	54	0
0.654720	811	1
0.655260	298	1
0.655620	342	1
0.656940	35	0
0.657360	820	1
0.657600	594	1
0.657960	218	1
0.658860	172	1
0.659400	220	0
0.661140	293	1
0.661980	980	1
0.662040	87	0
0.662640	400	1
0.663540	724	1
0.664500	972	1
0.664620	72	0
0.665820	949	1
0.666300	776	1
0.666840	273	1
0.666840	343	1
0.667980	107	1
0.667980	634	1
0.669360	702	1
0.669780	81	0
0.669840	199	0
0.670080	1013	1
0.670800	129	1
0.670980	568	1
0.672240	235	0
0.672360	170	0
0.672540	51	1
0.673260	44	0
0.673680	881	1
0.674340	370	1
0.674580	60	0
0.675420	183	0
0.676020	707	1
0.676740	489	1
0.679740	922	1
0.680460	628	1
0.684120	717	1
0.684540	61	0
0.684780	86	0
0.685260	362	1
0.686940	711	1
0.690060	268	1
0.690660	223	1
0.693060	259	1
0.695400	39	0
0.695760	37	0
0.695760	150	0
0.695940	64	0
0.696420	356	1
0.696900	62	0
0.700320	406	1
0.700380	49	0
0.701040	164	0
0.701340	722	1
0.701940	456	1
0.702660	186	0
0.702720	454	1
0.703260	66	1
0.707400	410	1
0.709860	305	1
0.710640	718	1
0.712260	98	0
0.714180	398	1
0.716220	971	1
0.719280	698	1
0.720540	956	1
0.726060	295	1
0.726540	85	0
0.726660	313	1
0.728100	407	1
0.728100	547	1
0.728400	276	1
0.728460	105	0
0.728760	793	1
0.729180	78	0
0.732420	84	0
0.733800	684	1
0.739020	73	1
0.741600	56	1
0.744120	101	0
0.744480	859	1
0.745860	77	0
0.746100	258	1
0.746340	440	1
0.746520	673	1
0.749520	40	0
0.749820	118	0
0.751080	415	1
0.751260	723	1
0.752400	215	1
0.759360	836	1
0.759600	182	0
0.760440	878	1
0.761940	832	1
0.762060	111	1
0.762840	963	1
0.764760	892	1
0.767340	284	1
0.769860	93	0
0.772260	220	0
0.776760	603	1
0.782280	460	1
0.783000	573	1
0.783240	383	1
0.783420	333	1
0.785640	24	1
0.788580	706	1
0.789000	209	0
0.789600	438	1
0.790140	891	1
0.792780	505	1
0.793020	165	0
0.793680	436	1
0.793740	924	1
0.795060	100	0
0.797400	66	0
0.800880	884	1
0.801480	435	1
0.802620	903	1
0.804060	337	1
0.806940	889	1
0.809940	308	1
0.813060	959	1
0.817080	371	1
0.824940	544	1
0.828480	845	1
0.833700	652	1
0.835980	201	1
0.838320	736	1
0.839460	235	0
0.843900	542	1
0.844320	611	1
0.844680	434	1
0.846120	764	1
0.846660	46	1
0.847320	600	1
0.853020	152	1
0.856500	339	1
0.856680	157	1
0.857640	122	1
0.867000	88	1
0.867300	84	1
0.871980	466	1
0.877920	606	1
0.881520	57	1
0.881700	87	0
0.884940	419	1
0.886380	452	1
0.887340	257	1
0.888420	861	1
0.891900	967	1
0.899520	486	1
0.901020	90	0
0.901080	508	1
0.906960	868	1
0.907500	399	1
0.910680	101	0
0.912660	105	1
0.913140	248	1
0.918900	437	1
0.920820	106	0
0.924660	220	0
0.925320	207	1
0.925380	933	1
0.929040	494	1
0.929760	557	1
0.929760	741	1
0.932580	74	1
0.934320	39	0
0.934560	548	1
0.935100	149	1
0.935580	314	1
0.935580	546	1
0.936000	44	1
0.937020	85	1
0.939480	610	1
0.941100	473	1
0.945000	526	1
0.950040	118	0
0.951120	904	1
0.951840	464	1
0.953460	7	1
0.958620	511	1
0.959940	819	1
0.962220	36	0
0.967680	219	1
0.975660	0	1
0.979080	323	1
0.979440	962	1
0.980400	446	1
0.982740	264	1
0.984840	209	0
0.989460	749	1
0.992160	725	1
0.993600	62	1
0.998880	53	1
1.007400	744	1
1.010460	574	1
1.011180	261	1
1.011900	484	1
1.014960	692	1
1.017360	42	0
1.021320	16	1
1.022940	115	1
1.023720	994	1
1.032540	83	1
1.039380	602	1
1.042800	205	1
1.043040	552	1
1.046940	245	1
1.049640	192	1
1.054860	449	1
1.060800	720	1
1.060980	646	1
1.062720	324	1
1.062780	206	1
1.064940	561	1
1.066740	91	1
1.069740	408	1
1.076880	987	1
1.077960	104	1
1.078440	921	1
1.085100	118	0
1.085340	627	1
1.085580	55	1
1.085760	426	1
1.089600	929	1
1.090680	607	1
1.094580	660	1
1.099800	21	1
1.110780	67	1
1.112640	80	1
1.114800	527	1
1.119060	20	1
1.119240	705	1
1.119300	729	1
1.119420	95	1
1.119840	220	0
1.120560	412	1
1.121400	766	1
1.123980	654	1
1.125780	968	1
1.125960	148	1
1.133520	716	1
1.140960	36	0
1.148340	672	1
1.151580	790	1
1.153920	558	1
1.154580	81	1
1.160400	640	1
1.160640	883	1
1.161480	42	0
1.161600	983	1
1.162980	808	1
1.164780	29	1
1.166820	5	1
1.169820	754	1
1.170780	156	1
1.173840	570	1
1.178520	110	1
1.179840	458	1
1.180020	453	1
1.181520	388	1
1.183560	738	1
1.184100	185	1
1.191240	709	1
1.194300	596	1
1.198500	251	1
1.198740	765	1
1.206480	386	1
1.207080	292	1
1.208280	735	1
1.213260	641	1
1.213560	209	0
1.214160	114	1
1.214940	510	1
1.217580	214	1
1.221720	218	1
1.221900	20	0
1.222440	132	1
1.222980	843	1
1.232880	965	1
1.233300	711	1
1.236480	226	1
1.236540	637	1
1.237680	717	1
1.238520	409	1
1.239480	25	1
1.247100	984	1
1.247580	208	1
1.249140	955	1
1.250880	291	1
1.253520	144	1
1.255680	662	1
1.255680	911	1
1.257900	476	1
1.261440	101	0
1.266240	406	1
1.269300	210	1
1.274340	831	1
1.274640	225	1
1.275300	170	0
1.276680	57	0
1.284900	805	1
1.285980	430	1
1.286940	806	1
1.287060	220	0
1.292460	750	1
1.295220	440	1
1.295460	15	1
1.299660	630	1
1.303140	977	1
1.306860	439	1
1.309860	663	1
1.311240	289	1
1.311660	798	1
1.313520	689	1
1.321020	857	1
1.323300	870	1
1.323720	39	0
1.324920	415	1
1.330500	931	1
1.330920	795	1
1.331160	740	1
1.331940	72	1
1.331940	966	1
1.332480	467	1
1.332960	928	1
1.338060	706	1
1.341780	869	1
1.342380	418	1
1.349700	723	1
1.350900	336	1
1.352100	275	1
1.352880	786	1
1.355700	543	1
1.357620	263	1
1.357680	832	1
1.360800	376	1
1.361040	305	1
1.361160	943	1
1.361160	227	0
1.362000	704	1
1.363260	220	0
1.364160	417	1
1.367040	118	0
1.367400	42	0
1.368960	982	1
1.374420	234	1
1.376520	195	1
1.380900	209	0
1.384380	621	1
1.385400	944	1
1.385520	918	1
1.388940	173	1
1.389480	991	1
1.390740	586	1
1.396140	473	1
1.397700	93	1
1.399440	606	1
1.400700	337	1
1.401000	912	1
1.403880	472	1
1.404660	350	1
1.405500	581	1
1.407180	215	1
1.410780	442	1
1.412340	604	1
1.412880	312	1
1.415640	803	1
1.417200	748	1
1.418880	179	0
1.420620	619	1
1.423080	853	1
1.423260	1008	1
1.429500	801	1
1.429980	189	1
1.430400	757	1
1.430520	793	1
1.438260	800	1
1.439940	647	1
1.441500	957	1
1.442460	720	1
1.444680	778	1
1.445760	669	1
1.447320	747	1
1.448580	302	1
1.450440	276	1
1.455300	573	1
1.456380	597	1
1.457520	861	1
1.458840	322	1
1.459620	457	1
1.459980	470	1
1.461960	744	1
1.463220	166	1
1.463520	421	1
1.463640	821	1
1.466760	277	1
1.467000	247	1
1.470480	764	1
1.472220	213	1
1.477560	220	0
1.477680	827	1
1.480920	600	1
1.482300	701	1
1.482420	751	1
1.482840	32	1
1.484340	180	0
1.491900	283	1
1.495440	170	0
1.497300	151	0
1.497660	183	0
1.498560	64	0
1.498620	618	1
1.500240	334	1
1.500360	981	1
1.501140	399	1
1.501680	809	1
1.505760	844	1
1.507320	1006	1
1.507500	365	1
1.509060	481	1
1.509120	933	1
1.509780	248	1
1.511460	358	1
1.512960	967	1
1.516020	925	1
1.517460	78	0
1.519140	512	1
1.519860	339	1
1.523580	431	1
1.527480	802	1
1.528440	219	1
1.531080	881	1
1.536840	36	0
1.539360	594	1
1.540740	721	1
1.541820	126	1
1.541820	546	1
1.543740	433	1
1.546860	304	1
1.546980	149	1
1.548000	536	1
1.548480	188	0
1.557900	172	1
1.558020	972	1
1.558560	169	1
1.559460	151	1
1.561560	631	1
1.564980	820	1
1.566000	615	1
1.566120	117	1
1.568280	962	1
1.569240	101	0
1.571340	494	1
1.575960	865	1
1.576080	157	1
1.577040	344	1
1.577880	949	1
1.578300	118	0
1.578780	167	1
1.579260	220	1
1.579920	819	1
1.580280	980	1
1.581780	200	1
1.583160	574	1
1.585200	634	1
1.585260	306	1
1.586100	220	0
1.589160	922	1
1.590000	271	1
1.590120	257	1
1.591800	264	1
1.592580	749	1
1.593060	811	1
1.593960	44	0
1.594080	318	1
1.594200	161	1
1.594260	359	1
1.595100	343	1
1.595640	352	1
1.597920	649	1
1.600020	207	1
1.600500	994	1
1.600860	85	1
1.602000	537	1
1.602180	147	0
1.606500	320	1
1.608300	106	0
1.608540	702	1
1.609080	259	1
1.611900	221	1
1.612080	57	0
1.612140	223	1
1.612680	477	1
1.612740	90	0
1.615620	42	0
1.616760	847	1
1.617600	776	1
1.617660	348	1
1.617660	897	1
1.619760	235	0
1.621500	107	1
1.621620	209	0
1.623300	464	1
1.625220	115	1
1.625580	353	1
1.628040	192	1
1.630440	456	1
1.632120	197	1
1.633560	218	1
1.634580	245	1
1.638240	35	0
1.638360	36	0
1.638960	285	1
1.639500	774	1
1.641300	54	0
1.641540	64	0
1.643820	61	0
1.645680	62	0
1.646220	273	1
1.648980	557	1
1.650240	286	1
1.653840	298	1
1.657320	81	0
1.657500	859	1
1.657680	1013	1
1.658220	602	1
1.658280	342	1
1.658700	72	0
1.659420	351	1
1.659900	588	1
1.659960	65	0
1.660500	356	1
1.663140	722	1
1.663260	290	1
1.663920	268	1
1.664520	262	1
1.665480	39	0
1.666740	707	1
1.668120	70	0
1.668600	568	1
1.668900	398	1
1.669740	660	1
1.672200	729	1
1.672800	236	1
1.674120	313	1
1.675620	677	1
1.676220	66	1
1.677060	121	1
1.677660	692	1
1.678200	724	1
1.680660	84	0
1.684440	646	1
1.685280	383	1
1.687680	449	1
1.688460	148	1
1.691100	87	0
1.693140	77	0
1.694460	60	0
1.695120	68	0
1.696680	628	1
1.699860	730	1
1.704120	53	0
1.704660	463	1
1.705560	712	1
1.707600	114	1
1.707780	987	1
1.708140	243	1
1.708620	308	1
1.709100	28	0
1.709700	971	1
1.711920	956	1
1.714380	73	0
1.715340	66	0
1.718400	676	1
1.719780	86	0
1.719780	220	0
1.721460	711	1
1.721880	370	1
1.725960	891	1
1.730400	789	1
1.733700	400	1
1.736580	362	1
1.738800	878	1
1.738920	408	1
1.742340	410	1
1.743360	406	1
1.743360	709	1
1.743780	156	1
1.751160	627	1
1.753200	738	1
1.753980	188	1
1.754760	83	1
1.755240	55	1
1.755480	85	0
1.755720	93	0
1.757880	818	1
1.758780	454	1
1.761000	324	1
1.763760	445	1
1.763880	62	1
1.766160	118	0
1.769880	673	1
1.771440	438	1
1.773420	95	1
1.775280	100	0
1.775760	111	1
1.776240	717	1
1.777800	371	1
1.779480	98	0
1.779600	892	1
1.781160	170	0
1.781820	561	1
1.782600	843	1
1.784340	790	1
1.786440	837	1
1.787160	20	1
1.787940	458	1
1.789260	484	1
1.790820	305	1
1.792740	836	1
1.794780	965	1
1.800180	505	1
1.801740	754	1
1.804020	963	1
1.805280	42	0
1.806060	968	1
1.806240	909	1
1.809960	434	1
1.810080	104	1
1.810560	392	1
1.815840	845	1
1.816140	720	1
1.817580	558	1
1.819500	440	1
1.820340	129	1
1.822020	435	1
1.825380	455	1
1.826220	705	1
1.827480	510	1
1.829760	547	1
1.832280	460	1
1.833420	603	1
1.834740	832	1
1.836660	209	0
1.837500	415	1
1.838640	889	1
1.839360	489	1
1.840380	333	1
1.841280	607	1
1.843140	924	1
1.843320	766	1
1.843380	527	1
1.845900	412	1
1.846620	29	1
1.847340	115	0
1.848900	419	1
1.849620	220	0
1.849920	119	1
1.852740	80	1
1.854720	716	1
1.856340	106	0
1.856820	258	1
1.857900	101	0
1.858620	436	1
1.860120	426	1
1.860300	476	1
1.861740	765	1
1.866360	114	0
1.867080	596	1
1.867200	90	0
1.867440	446	1
1.871700	750	1
1.872120	662	1
1.872240	955	1
1.872600	378	1
1.877700	91	1
1.879920	888	1
1.880340	745	1
1.883820	641	1
1.884540	570	1
1.890540	214	1
1.893000	39	1
1.895220	439	1
1.895640	133	0
1.896240	142	0
1.896720	81	1
1.900440	486	1
1.902240	36	0
1.906620	959	1
1.909140	637	1
1.909680	452	1
1.911960	806	1
1.916580	132	1
1.916640	543	1
1.917240	437	1
1.917720	226	1
1.918620	427	1
1.918860	983	1
1.921200	407	1
1.922100	640	1
1.922580	723	1
1.922700	606	1
1.928220	118	0
1.928820	24	1
1.930680	110	1
1.931460	51	1
1.933380	855	1
1.935540	73	1
1.938840	337	1
1.939140	150	0
1.941240	923	1
1.942320	744	1
1.947480	375	1
1.948980	495	1
1.950180	870	1
1.951200	336	1
1.951980	388	1
1.953420	884	1
1.953480	151	0
1.954020	417	1
1.955100	466	1
1.957320	548	1
1.957500	67	1
1.957680	376	1
1.957740	735	1
1.958760	289	1
1.959900	106	0
1.960200	869	1
1.960920	706	1
1.961280	444	1
1.965180	377	1
1.966260	409	1
1.966680	903	1
1.968720	284	1
1.971660	220	0
1.972680	319	1
1.973580	46	1
1.973940	450	1
1.974120	442	1
1.975320	101	0
1.975860	104	0
1.976640	105	0
1.979460	339	1
1.979640	386	1
1.980960	98	0
1.981320	810	1
1.983120	984	1
1.983900	418	1
1.985520	144	1
1.989120	42	0
1.989360	114	0
1.992000	88	1
1.993260	209	0
1.996020	163	1
2.003460	508	1
2.004540	793	1
2.006880	107	0
2.008980	215	1
2.010240	56	1
2.016420	0	1
2.017980	467	1
2.018940	795	1
2.019960	805	1
2.020320	470	1
2.022060	90	0
2.024460	600	1
2.026980	911	1
2.028540	86	0
2.030160	798	1
2.030460	350	1
2.031420	430	1
2.036760	511	1
2.037240	526	1
2.037540	472	1
2.037600	235	0
2.038320	208	1
2.042820	44	1
2.045400	482	1
2.047020	399	1
2.049480	358	1
2.052240	254	1
2.053020	105	1
2.057100	861	1
2.057160	118	0
2.060880	122	1
2.065860	301	1
2.073900	220	0
2.075100	224	1
2.075700	312	1
2.076000	25	1
2.076000	663	1
2.076120	20	0
2.078340	7	1
2.078520	533	1
2.081640	57	1
2.082000	546	1
2.083920	421	1
2.085420	464	1
2.086800	74	1
2.090580	15	1
2.092260	447	1
2.095140	292	1
2.096160	912	1
2.100540	918	1
2.103120	473	1
2.106360	786	1
2.107620	962	1
2.110440	416	1
2.111700	933	1
2.112180	868	1
2.114100	725	1
2.114940	53	1
2.121000	544	1
2.121480	248	1
2.122560	28	1
2.122980	586	1
2.123460	276	1
2.127240	206	1
2.128860	36	0
2.129820	219	1
2.131440	225	1
2.133240	494	1
2.134560	185	1
2.137260	729	1
2.138880	689	1
2.139720	157	1
2.141400	64	0
2.148540	931	1
2.152920	801	1
2.153940	148	1
2.157180	740	1
2.158020	251	1
2.159400	134	0
2.167200	928	1
2.167260	57	0
2.168460	764	1
2.170500	500	1
2.170620	982	1
2.170920	574	1
2.171460	10	1
2.171640	323	1
2.175120	220	0
2.179980	21	1
2.184840	263	1
2.185620	275	1
2.185860	630	1
2.187540	149	1
2.188380	573	1
2.189040	944	1
2.192700	85	1
2.196120	718	1
2.196900	293	1
2.201520	967	1
2.203020	264	1
2.205480	115	1
2.207340	209	0
2.208480	201	1
2.210040	16	1
2.210040	227	0
2.210160	210	1
2.221920	195	1
2.222520	192	1
2.224380	778	1
2.224860	291	1
2.226240	173	1
2.229360	310	1
2.230800	819	1
2.233440	711	1
2.238840	808	1
2.238900	234	1
2.240580	65	1
2.242620	853	1
2.244660	114	1
2.246700	449	1
2.248020	118	0
2.250420	736	1
2.251680	36	0
2.253060	406	1
2.253180	512	1
2.258880	621	1
2.259900	994	1
2.261280	245	1
2.263800	943	1
2.267040	1008	1
2.270220	552	1
2.274540	189	1
2.274660	257	1
2.275200	32	1
2.275560	84	1
2.276940	213	1
2.277780	611	1
2.278500	218	1
2.278620	42	0
2.279880	1006	1
2.280720	62	0
2.282160	749	1
2.282760	283	1
2.283240	800	1
2.284800	38	1
2.285100	93	1
2.287800	324	1
2.288100	55	1
2.289060	604	1
2.289840	597	1
2.298780	223	1
2.304060	602	1
2.305800	304	1
2.306580	827	1
2.307240	1022	1
2.307660	334	1
2.311140	803	1
2.320740	64	0
2.323200	160	1
2.325060	147	0
2.325900	247	1
2.326380	61	0
2.327520	929	1
2.328600	646	1
2.330640	987	1
2.331000	220	0
2.331240	207	1
2.331840	704	1
2.332620	717	1
2.348100	83	1
2.348940	720	1
2.350440	966	1
2.353740	408	1
2.356800	748	1
2.358900	277	1
2.360040	747	1
2.363400	484	1
2.363760	527	1
2.364000	660	1
2.364540	259	1
2.365860	305	1
2.366820	607	1
2.369700	5	1
2.369760	57	0
2.371080	295	1
2.376840	20	1
2.390280	843	1
2.391120	619	1
2.392980	290	1
2.395080	701	1
2.397480	627	1
2.398140	991	1
2.400000	433	1
2.401200	557	1
2.402040	169	1
2.404020	440	1
2.407500	344	1
2.411280	721	1
2.412660	844	1
2.413080	156	1
2.413140	692	1
2.417460	744	1
2.420100	261	1
2.421900	647	1
2.423460	615	1
2.428560	793	1
2.430780	618	1
2.431680	594	1
2.431860	738	1
2.432460	262	1
2.435520	167	1
2.435760	536	1
2.438580	62	1
2.439840	610	1
2.441700	151	1
2.443860	606	1
2.446860	709	1
2.447040	832	1
2.447460	981	1
2.453400	821	1
2.453640	757	1
2.461080	126	1
2.462760	29	1
2.464380	209	0
2.469600	415	1
2.472240	220	0
2.472540	751	1
2.473260	80	1
2.473740	537	1
2.473800	226	1
2.474040	881	1
2.477700	318	1
2.482680	342	1
2.484780	669	1
2.488320	78	0
2.489220	972	1
2.493780	73	0
2.493840	170	0
2.495460	49	1
2.495820	268	1
2.497920	161	1
2.497980	150	0
2.498640	95	1
2.501280	865	1
2.502600	706	1
2.503080	42	0
2.504280	588	1
2.505000	705	1
2.507760	596	1
2.509800	842	1
2.512080	39	0
2.519520	723	1
2.519880	561	1
2.521380	714	1
2.526000	750	1
2.526180	600	1
2.530380	809	1
2.531760	570	1
2.533320	337	1
2.533440	104	1
2.536560	320	1
2.537160	166	1
2.538780	761	1
2.542620	558	1
2.542680	790	1
2.553600	542	1
2.554320	741	1
2.554560	426	1
2.559480	649	1
2.559840	343	1
2.562900	215	1
2.562960	510	1
2.563260	36	0
2.563740	634	1
2.564040	652	1
2.567220	802	1
2.569380	151	0
2.570580	637	1
2.572560	766	1
2.573520	776	1
2.573580	186	0
2.575080	107	1
2.575080	754	1
2.575260	968	1
2.577420	724	1
2.578080	641	1
2.580060	729	1
2.581620	878	1
2.582640	200	1
2.584080	117	1
2.585400	183	0
2.586120	476	1
2.586240	91	1
2.587200	699	1
2.589480	716	1
2.590380	142	0
2.591700	698	1
2.593080	81	1
2.595420	220	0
2.595660	955	1
2.598420	904	1
2.599020	702	1
2.602260	722	1
2.603700	182	0
2.603820	806	1
2.604540	684	1
2.608200	132	1
2.610360	965	1
2.610960	273	1
2.611560	543	1
2.611620	870	1
2.613600	820	1
2.615760	546	1
2.618640	66	1
2.621640	662	1
2.624400	150	0
2.626200	949	1
2.626260	765	1
2.626500	412	1
2.628360	197	1
2.635080	730	1
2.635560	458	1
2.636880	196	0
2.639340	61	0
2.639700	473	1
2.643000	209	0
2.644740	339	1
2.646720	720	1
2.648520	1013	1
2.648880	861	1
2.649780	189	0
2.650260	811	1
2.656740	568	1
2.662920	220	1
2.663640	962	1
2.664660	676	1
2.668140	199	0
2.668320	712	1
2.672520	922	1
2.673180	677	1
2.678160	399	1
2.678160	735	1
2.679060	271	1
2.681040	388	1
2.681040	118	0
2.682360	983	1
2.682900	640	1
2.684400	851	1
2.687700	980	1
2.689920	711	1
2.691780	446	1
2.693280	859	1
2.698080	439	1
2.698860	707	1
2.703840	442	1
2.705100	819	1
2.707920	248	1
2.709180	795	1
2.715540	956	1
2.715960	101	0
2.718360	417	1
2.718840	409	1
2.721120	144	1
2.722920	110	1
2.728320	869	1
2.729220	386	1
2.729400	581	1
2.729880	220	0
2.735280	289	1
2.735820	147	0
2.736240	464	1
2.736360	798	1
2.737740	574	1
2.738580	764	1
2.739960	148	1
2.743620	836	1
2.750220	172	1
2.754540	111	1
2.758800	359	1
2.760540	654	1
2.768340	967	1
2.774700	20	0
2.776620	312	1
2.779140	157	1
2.780160	470	1
2.783880	984	1
2.784480	219	1
2.785860	42	0
2.789820	672	1
2.790840	573	1
2.791380	376	1
2.795880	805	1
2.798340	276	1
2.799360	214	1
2.800320	209	0
2.802840	365	1
2.808000	115	1
2.808120	891	1
2.808360	218	1
2.809020	264	1
2.810340	749	1
2.810520	505	1
2.812500	407	1
2.812500	689	1
2.813220	418	1
2.816880	467	1
2.818080	285	1
2.818320	298	1
2.818620	119	1
2.818680	663	1
2.821200	971	1
2.828040	977	1
2.828220	350	1
2.831040	114	1
2.838360	421	1
2.838480	152	1
2.841480	410	1
2.842680	186	0
2.848080	933	1
2.853180	85	1
2.856600	489	1
2.856900	719	1
2.859240	118	0
2.860380	220	0
2.861040	406	1
2.861880	67	1
2.862180	931	1
2.866440	149	1
2.866620	362	1
2.867100	438	1
2.868420	912	1
2.870280	78	0
2.870460	547	1
2.875080	918	1
2.875620	648	1
2.878260	313	1
2.880660	208	1
2.883720	921	1
2.883900	494	1
2.885820	383	1
2.886180	786	1
2.887980	36	0
2.889960	435	1
2.890260	243	1
2.890860	449	1
2.891220	602	1
2.893860	586	1
2.894220	308	1
2.894280	673	1
2.895420	225	1
2.899320	440	1
2.899320	39	0
2.902800	398	1
2.904420	717	1
2.905440	408	1
2.905560	911	1
2.905860	358	1
2.905920	353	1
2.906580	434	1
2.908920	400	1
2.909820	192	1
2.909820	845	1
2.911320	454	1
2.913300	628	1
2.914260	336	1
2.915220	371	1
2.919540	57	0
2.919780	460	1
2.920620	100	0
2.920800	415	1
2.922660	472	1
2.922660	235	0
2.922780	430	1
2.924400	98	0
2.925540	370	1
2.927160	101	0
2.928900	55	1
2.928960	114	0
2.930340	348	1
2.930820	630	1
2.933580	924	1
2.934480	436	1
2.934720	606	1
2.934780	660	1
2.935140	118	0
2.936220	206	1
2.936340	106	0
2.937120	527	1
2.937660	87	0
2.939400	419	1
2.939640	456	1
2.940420	275	1
2.942040	102	0
2.943960	304	1
2.945160	994	1
2.946540	115	0
2.947140	105	0
2.948400	86	0
2.951760	324	1
2.957160	889	1
2.958060	351	1
2.960160	437	1
2.961780	432	1
2.967180	90	0
2.967600	96	0
2.972040	176	1
2.973360	744	1
2.974140	781	1
2.977560	25	1
2.978100	843	1
2.980440	236	1
2.981400	892	1
2.981580	245	1
2.984700	263	1
2.985000	91	0
2.987160	452	1
2.987280	512	1
2.988120	607	1
2.989320	173	1
2.989620	333	1
2.990100	220	0
2.990700	928	1
2.992680	15	1
2.992920	793	1
2.993400	1008	1
2.994000	963	1
2.998200	111	0
3.002220	548	1
3.002400	20	1
3.002820	227	0
3.005280	42	0
3.005880	982	1
3.006540	959	1
3.007080	646	1
3.007680	987	1
3.016320	305	1
3.017760	251	1
3.020880	883	1
3.021300	257	1
3.023280	210	1
3.025020	944	1
3.026580	292	1
3.027360	431	1
3.027480	207	1
3.033840	597	1
3.034500	627	1
3.034500	706	1
3.035400	88	1
3.040860	277	1
3.045720	83	1
3.045840	557	1
3.046920	903	1
3.047940	64	0
3.048000	832	1
3.048240	129	1
3.048300	347	1
3.052080	1006	1
3.053340	68	0
3.056700	621	1
3.057840	433	1
3.058140	511	1
3.058800	251	0
3.059880	209	0
3.062580	53	0
3.066540	446	1
3.066780	234	1
3.069780	466	1
3.072000	220	0
3.077580	62	1
3.081060	884	1
3.081720	24	1
3.084780	476	1
3.085380	778	1
3.087180	106	0
3.087240	73	0
3.087300	213	1
3.087840	101	0
3.088020	966	1
3.101220	943	1
3.101760	337	1
3.103320	853	1
3.103980	283	1
3.114300	508	1
3.118020	427	1
3.121680	909	1
3.122940	720	1
3.123960	195	1
3.124140	247	1
3.124320	738	1
3.126060	827	1
3.126600	44	1
3.130800	457	1
3.133980	57	0
3.138300	321	1
3.144120	51	1
3.144180	254	1
3.145080	318	1
3.150660	339	1
3.156120	105	1
3.157380	93	1
3.157380	803	1
3.159000	631	1
3.159180	740	1
3.161160	189	1
3.164700	156	1
3.166740	73	1
3.170640	729	1
3.174540	74	1
3.177840	0	1
3.180480	226	1
3.181380	600	1
3.181380	801	1
3.183780	290	1
3.195540	484	1
3.197640	56	1
3.198060	723	1
3.198360	80	1
3.199980	955	1
3.204300	104	1
3.207300	537	1
3.209880	215	1
3.213720	701	1
3.216660	220	0
3.216720	61	0
3.216900	558	1
3.217680	151	1
3.223380	148	1
3.225420	95	1
3.226020	709	1
3.226860	20	0
3.230340	861	1
3.230400	473	1
3.230880	118	0
3.231120	510	1
3.231300	29	1
3.233280	536	1
3.234600	604	1
3.238440	458	1
3.240420	692	1
3.241320	46	1
3.241680	546	1
3.244440	615	1
3.245700	291	1
3.248880	42	0
3.251700	821	1
3.256080	39	0
3.259500	169	1
3.261360	36	0
3.267180	644	1
3.271140	209	0
3.273360	526	1
3.279240	442	1
3.283620	725	1
3.285480	91	1
3.286380	637	1
3.287100	596	1
3.288300	223	1
3.288900	766	1
3.289560	286	1
3.290520	356	1
3.291540	161	1
3.293580	800	1
3.294600	711	1
3.296880	705	1
3.297240	716	1
3.297780	790	1
3.298680	619	1
3.298860	868	1
3.301020	170	0
3.302100	7	1
3.302100	32	1
3.302700	574	1
3.303540	486	1
3.311040	561	1
3.312060	700	1
3.312300	334	1
3.312480	81	1
3.312480	132	1
3.312960	881	1
3.314340	185	1
3.314580	844	1
3.314940	789	1
3.317700	819	1
3.320940	806	1
3.324900	259	1
3.324900	329	1
3.325800	141	0
3.327300	750	1
3.328620	248	1
3.330480	968	1
3.332040	57	1
3.335460	121	1
3.336120	594	1
3.337860	167	1
3.338880	114	1
3.339300	147	0
3.342180	618	1
3.342660	218	1
3.343680	754	1
3.344880	543	1
3.348420	314	1
3.354540	148	0
3.356100	53	1
3.356160	962	1
3.358140	188	0
3.360420	157	1
3.364020	765	1
3.365760	573	1
3.366240	412	1
3.367920	747	1
3.369600	640	1
3.374940	570	1
3.375120	464	1
3.377040	865	1
3.380700	110	1
3.385440	151	0
3.386340	704	1
3.387120	344	1
3.388500	85	1
3.389160	16	1
3.392880	220	0
3.393360	219	1
3.395520	293	1
3.395580	735	1
3.396240	160	1
3.397440	764	1
3.400380	276	1
3.400620	749	1
3.402420	201	1
3.404460	126	1
3.406020	137	1
3.408240	388	1
3.408720	870	1
3.409800	426	1
3.411180	399	1
3.413580	117	1
3.413760	748	1
3.414660	36	0
3.416100	183	0
3.418620	647	1
3.418920	776	1
3.421140	115	1
3.421680	144	1
3.423480	43	0
3.425700	166	1
3.428700	569	1
3.428820	262	1
3.429120	983	1
3.429540	101	0
3.430140	649	1
3.430680	757	1
3.434520	78	0
3.436020	343	1
3.438540	717	1
3.438660	20	0
3.439080	606	1
3.440220	809	1
3.443580	744	1
3.444240	406	1
3.445560	634	1
3.446040	641	1
3.447000	967	1
3.448440	118	0
3.450840	35	0
3.453300	832	1
3.453480	588	1
3.455760	28	0
3.457980	289	1
3.458400	439	1
3.459060	965	1
3.462720	795	1
3.464040	869	1
3.465180	149	1
3.465420	264	1
3.465660	568	1
3.465900	150	1
3.466440	786	1
3.466680	107	1
3.467280	72	1
3.468540	929	1
3.473220	802	1
3.473880	798	1
3.474360	150	0
3.478140	220	0
3.478860	751	1
3.482160	662	1
3.482160	857	1
3.485760	720	1
3.487080	793	1
3.487440	209	0
3.487560	312	1
3.493620	552	1
3.496140	718	1
3.496560	991	1
3.499260	409	1
3.501120	745	1
3.501660	186	0
3.503820	170	0
3.504000	805	1
3.505800	21	1
3.506580	808	1
3.506820	55	1
3.507000	660	1
3.509580	40	0
3.512580	268	1
3.513060	39	0
3.514320	125	1
3.517920	415	1
3.519240	730	1
3.520380	933	1
3.521460	194	0
3.523560	440	1
3.524520	706	1
3.528720	66	1
3.530220	261	1
3.530580	408	1
3.540420	39	1
3.541380	611	1
3.543600	36	0
3.548640	64	0
3.550680	702	1
3.551640	646	1
3.552060	774	1
3.552540	836	1
3.560400	669	1
3.561060	200	1
3.561600	602	1
3.563520	122	1
3.566700	417	1
3.567300	386	1
3.568620	195	0
3.568920	911	1
3.569460	324	1
3.573360	663	1
3.573480	931	1
3.575340	676	1
3.575700	376	1
3.581340	220	0
3.582420	897	1
3.585480	820	1
3.586020	214	1
3.586680	878	1
3.590520	418	1
3.593100	119	1
3.593520	811	1
3.593880	586	1
3.596100	736	1
3.599760	843	1
3.599880	20	1
3.603600	722	1
3.606660	106	1
3.606720	172	1
3.609720	305	1
3.611820	859	1
3.614220	738	1
3.618060	949	1
3.618360	677	1
3.623640	684	1
3.623940	972	1
3.624000	630	1
3.625920	994	1
3.626520	165	0
3.633000	707	1
3.635700	981	1
3.645960	603	1
3.650820	494	1
3.651720	1013	1
3.651780	306	1
3.651960	544	1
3.652200	922	1
3.653220	861	1
3.653460	337	1
3.659520	712	1
3.661620	987	1
3.663000	814	1
3.665640	689	1
3.667740	729	1
3.668340	118	0
3.669540	984	1
3.671820	235	0
3.674760	197	1
3.676320	208	1
3.676440	652	1
3.682200	467	1
3.682200	42	0
3.682860	209	0
3.687660	918	1
3.689820	721	1
3.694680	912	1
3.695700	711	1
3.696840	220	0
3.697200	224	0
3.697320	597	1
3.697560	225	1
3.699960	392	1
3.702600	557	1
3.706560	449	1
3.707760	607	1
3.709560	359	1
3.709680	527	1
3.711300	215	1
3.723480	627	1
3.723960	83	1
3.725280	350	1
3.728580	220	1
3.730560	340	1
3.736680	1008	1
3.742980	275	1
3.745200	147	0
3.745800	724	1
3.747900	206	1
3.748800	150	0
3.758880	207	1
3.759960	430	1
3.763260	148	1
3.767100	709	1
3.767520	57	0
3.768300	245	1
3.769080	610	1
3.772080	600	1
3.772800	257	1
3.773160	273	1
3.774480	210	1
3.774840	192	1
3.777660	421	1
3.777780	723	1
3.781200	156	1
3.783240	67	1
3.783600	25	1
3.786420	320	1
3.787800	542	1
3.791700	956	1
3.792900	470	1
3.795660	778	1
3.798420	512	1
3.799860	104	1
3.800880	365	1
3.804660	53	0
3.809160	15	1
3.809460	271	1
3.809580	891	1
3.811380	173	1
3.811800	339	1
3.815880	111	1
3.816840	944	1
3.817200	621	1
3.817680	982	1
3.820140	819	1
3.820320	42	0
3.821940	342	1
3.822660	336	1
3.823320	845	1
3.823860	472	1
3.835320	966	1
3.835860	36	0
3.838440	692	1
3.840000	476	1
3.840240	348	1
3.842520	358	1
3.847140	220	0
3.848100	546	1
3.851400	698	1
3.855240	251	1
3.855540	304	1
3.857100	701	1
3.857220	243	1
3.859320	90	0
3.861840	114	1
3.862980	93	1
3.863220	433	1
3.863580	101	0
3.868920	581	1
3.869640	277	1
3.871380	547	1
3.871440	453	1
3.871980	263	1
3.872280	435	1
3.873600	226	1
3.874560	458	1
3.874560	473	1
3.876180	292	1
3.876240	436	1
3.877800	460	1
3.878520	62	1
3.880080	284	1
3.885720	971	1
3.887100	61	0
3.890460	847	1
3.894480	234	1
3.895500	285	1
3.896760	962	1
3.897480	407	1
3.900000	370	1
3.903960	298	1
3.904140	889	1
3.904920	980	1
3.910560	955	1
3.914040	86	0
3.914220	98	0
3.916500	80	1
3.918180	510	1
3.923880	360	1
3.924180	283	1
3.924840	248	1
3.925260	118	0
3.926940	323	1
3.927660	218	1
3.928380	1006	1
3.928680	209	0
3.929760	957	1
3.931560	73	0
3.934320	313	1
3.935880	68	0
3.936660	87	0
3.937860	574	1
3.938400	362	1
3.939300	247	1
3.939360	219	1
3.939360	410	1
3.939900	114	0
3.940500	943	1
3.943440	928	1
3.944340	308	1
3.945000	456	1
3.945360	276	1
3.946380	318	1
3.947520	963	1
3.947940	489	1
3.947940	720	1
3.948060	322	1
3.949500	290	1
3.951000	195	1
3.953580	446	1
3.957420	170	0
3.959760	505	1
3.960480	705	1
3.960900	558	1
3.962580	224	1
3.964620	78	0
3.964800	464	1
3.966480	57	0
3.968760	398	1
3.969900	637	1
3.971040	85	0
3.971220	378	1
3.972000	129	1
3.974100	406	1
3.975420	84	1
3.977760	438	1
3.978600	83	0
3.981060	235	0
3.981300	477	1
3.982860	484	1
3.984840	708	1
3.985440	70	0
3.987300	236	1
3.989820	454	1
3.995160	213	1
3.995400	716	1
3.995820	452	1
3.996780	442	1
3.999960	220	0
4.008360	965	1
4.009320	64	0
4.010340	628	1
4.012380	295	1
4.014360	437	1
4.016100	573	1
4.016400	371	1
4.017540	95	1
4.017720	744	1
4.021680	923	1
4.023960	375	1
4.024140	925	1
4.025700	400	1
4.026240	596	1
4.026360	157	1
4.026720	664	1
4.031340	103	0
4.032420	39	0
4.032720	440	1
4.036800	351	1
4.041120	606	1
4.043580	106	0
4.043700	223	1
4.044960	61	0
4.045980	463	1
4.046520	118	0
4.048920	979	1
4.048980	439	1
4.050720	853	1
4.052940	615	1
4.054680	333	1
4.056900	161	1
4.057200	101	0
4.057800	100	0
4.058400	434	1
4.059420	85	1
4.060620	790	1
4.062060	105	0
4.062960	254	1
4.063740	536	1
4.065780	87	0
4.066140	543	1
4.066320	511	1
4.068000	419	1
4.068420	766	1
4.073460	892	1
4.074240	537	1
4.076940	91	1
4.080360	548	1
4.080660	149	1
4.080960	412	1
4.082460	115	1
4.082520	706	1
4.086480	415	1
4.089960	399	1
4.092720	673	1
4.093200	81	1
4.093740	968	1
4.096140	36	0
4.099980	717	1
4.100220	967	1
4.100520	481	1
4.101180	244	1
4.107540	904	1
4.109520	305	1
4.111260	764	1
4.115040	865	1
4.117440	749	1
4.117980	729	1
4.118820	55	1
4.118880	343	1
4.119840	147	0
4.120740	90	0
4.127760	86	0
4.130940	933	1
4.133340	832	1
4.133700	735	1
4.134660	132	1
4.134960	264	1
4.136040	220	0
4.139580	383	1
4.142880	110	1
4.146960	289	1
4.147560	29	1
4.149480	301	1
4.152660	740	1
4.155720	466	1
4.155900	803	1
4.156260	793	1
4.159560	189	1
4.160820	754	1
4.165140	959	1
4.166880	602	1
4.167420	704	1
4.167720	209	0
4.168320	508	1
4.171500	182	0
4.171680	409	1
4.174920	376	1
4.176780	983	1
4.176900	293	1
4.177620	750	1
4.177860	924	1
4.182780	619	1
4.183080	765	1
4.184580	570	1
4.184820	88	1
4.192380	500	1
4.195200	903	1
4.198020	167	1
4.201560	169	1
4.202820	118	0
4.203420	561	1
4.203600	215	1
4.205040	20	1
4.205340	388	1
4.206000	408	1
4.206720	455	1
4.209120	457	1
4.209180	795	1
4.210740	527	1
4.212540	418	1
4.212600	490	1
4.212840	51	1
4.216680	312	1
4.218000	337	1
4.218780	32	1
4.219020	144	1
4.223400	861	1
4.225140	24	1
4.225260	711	1
4.228560	450	1
4.228800	649	1
4.231980	101	0
4.234560	151	1
4.235100	431	1
4.235820	105	0
4.237200	106	0
4.237500	449	1
4.240260	44	1
4.240860	805	1
4.241340	73	1
4.241400	870	1
4.242660	827	1
4.243920	133	0
4.244460	660	1
4.245060	594	1
4.247820	994	1
4.248120	641	1
4.248120	730	1
4.248420	104	0
4.256940	977	1
4.257540	607	1
4.259100	220	0
4.260960	801	1
4.262640	166	1
4.267200	855	1
4.268460	64	0
4.269180	148	1
4.270560	646	1
4.274100	42	0
4.276140	786	1
4.276680	36	0
4.281600	286	1
4.282680	627	1
4.286520	339	1
4.289580	618	1
4.290120	800	1
4.290480	291	1
4.291500	798	1
4.294860	869	1
4.299120	844	1
4.300200	806	1
4.301880	150	0
4.307460	747	1
4.308420	1022	1
4.312260	56	1
4.313280	179	0
4.315800	720	1
4.317720	117	1
4.317900	0	1
4.319160	74	1
4.319580	630	1
4.322760	604	1
4.324440	557	1
4.326000	757	1
4.328760	738	1
4.332240	843	1
4.336680	987	1
4.337220	634	1
4.339740	748	1
4.340040	386	1
4.344540	881	1
4.344960	83	1
4.345560	220	0
4.347000	377	1
4.348740	210	1
4.349640	723	1
4.352940	57	1
4.353900	209	0
4.357380	67	1
4.359120	745	1
4.359240	600	1
4.359420	201	1
4.361100	662	1
4.362720	353	1
4.365720	324	1
4.366680	821	1
4.366800	526	1
4.369980	588	1
4.370880	663	1
4.371540	586	1
4.372440	344	1
4.372920	911	1
4.378140	107	1
4.382880	46	1
4.384500	640	1
4.387500	114	1
4.391460	984	1
4.391580	918	1
4.392660	884	1
4.395960	126	1
4.399980	809	1
4.402800	221	1
4.404960	494	1
4.406580	148	0
4.409820	467	1
4.411260	751	1
4.412280	921	1
4.412580	647	1
4.415460	214	1
4.416000	802	1
4.417080	245	1
4.418640	597	1
4.423080	152	0
4.424280	883	1
4.425360	473	1
4.427100	819	1
4.429140	931	1
4.435920	185	1
4.436460	417	1
4.436640	712	1
4.437360	725	1
4.438320	220	0
4.438920	259	1
4.440120	820	1
4.440480	868	1
4.441320	208	1
4.445340	262	1
4.455900	568	1
4.456200	172	1
4.460520	156	1
4.460760	776	1
4.462380	268	1
4.462380	991	1
4.466400	53	1
4.466520	36	0
4.467420	28	0
4.468740	709	1
4.470900	878	1
4.476060	334	1
4.477620	546	1
4.478400	231	0
4.482300	7	1
4.482720	218	1
4.483620	28	1
4.484520	426	1
4.487640	218	0
4.490040	62	1
4.494840	226	1
4.496460	811	1
4.497660	57	0
4.498200	669	1
4.499100	15	1
4.499340	929	1
4.505460	205	1
4.509000	257	1
4.510800	512	1
4.510980	39	0
4.513680	836	1
4.514520	912	1
4.514640	692	1
4.516500	209	0
4.518900	207	1
4.530540	192	1
4.533420	574	1
4.536840	42	0
4.540620	219	1
4.540800	61	0
4.546020	729	1
4.546920	962	1
4.548960	705	1
4.551300	170	0
4.557300	744	1
4.559820	206	1
4.560060	220	0
4.561200	722	1
4.561500	119	1
4.562520	464	1
4.562940	702	1
4.565580	66	1
4.571340	10	1
4.572360	1008	1
4.574100	573	1
4.575180	484	1
4.576500	248	1
4.577220	93	1
4.579500	80	1
4.580040	949	1
4.587780	197	1
4.588140	16	1
4.592160	966	1
4.593180	104	1
4.595280	200	1
4.597800	741	1
4.600980	761	1
4.603800	406	1
4.604100	606	1
4.605240	944	1
4.606740	21	1
4.612920	458	1
4.614180	707	1
4.615620	717	1
4.615860	276	1
4.622100	981	1
4.623780	706	1
4.639440	118	0
4.639500	225	1
4.640520	1013	1
4.640880	716	1
4.643940	701	1
4.648800	724	1
4.649400	263	1
4.650540	350	1
4.651080	967	1
4.654500	440	1
4.657980	476	1
4.659660	275	1
4.660500	689	1
4.662420	25	1
4.663020	721	1
4.664400	955	1
4.666980	621	1
4.668780	251	1
4.670400	20	0
4.670640	36	0
4.672320	415	1
4.674480	186	0
4.675680	778	1
4.677240	183	0
4.678560	433	1
4.679160	637	1
4.681200	711	1
4.689000	182	0
4.689480	430	1
4.695360	552	1
4.695420	982	1
4.698660	943	1
4.706820	933	1
4.708260	292	1
4.709640	677	1
4.709700	277	1
4.710720	596	1
4.714620	305	1
4.715220	510	1
4.715520	157	1
4.717920	1006	1
4.725600	720	1
4.726320	220	0
4.728900	611	1
4.729380	234	1
4.729740	85	1
4.733760	55	1
4.741260	808	1
4.741320	793	1
4.742040	188	1
4.745100	790	1
4.747320	439	1
4.750440	922	1
4.751340	115	1
4.753740	851	1
4.756920	968	1
4.757820	148	1
4.761660	832	1
4.765680	845	1
4.766760	749	1
4.767000	442	1
4.771740	209	0
4.771860	336	1
4.772280	533	1
4.775760	95	1
4.779060	264	1
4.779720	152	1
4.783680	764	1
4.784400	928	1
4.785660	602	1
4.789080	859	1
4.791240	215	1
4.792200	581	1
4.792260	486	1
4.793280	64	0
4.802640	421	1
4.815360	28	0
4.821780	283	1
4.821960	972	1
4.822980	399	1
4.823040	20	1
4.825680	956	1
4.836120	337	1
4.837860	435	1
4.838760	271	1
4.839300	220	0
4.847340	766	1
4.849740	29	1
4.851060	408	1
4.855440	114	1
4.860300	965	1
4.861020	195	1
4.861200	118	0
4.861800	273	1
4.862100	795	1
4.865100	983	1
4.866360	247	1
4.866480	971	1
4.869240	388	1
4.870200	827	1
4.870320	101	0
4.870680	359	1
4.871580	627	1
4.872720	173	1
4.875000	91	1
4.876860	412	1
4.877040	527	1
4.882980	660	1
4.884780	994	1
4.886160	110	1
4.891800	641	1
4.894560	149	1
4.895220	889	1
4.897200	456	1
4.898160	646	1
4.901880	446	1
4.903440	235	0
4.908240	980	1
4.909500	558	1
4.909920	36	0
4.909980	220	1
4.911180	132	1
4.913100	765	1
4.913280	676	1
4.913760	365	1
4.920540	876	1
4.922820	615	1
4.927320	460	1
4.929240	144	1
4.929780	129	1
4.930080	805	1
4.931880	289	1
4.935540	339	1
4.935780	418	1
4.936620	718	1
4.938480	891	1
4.939320	320	1
4.940220	750	1
4.940760	865	1
4.942800	853	1
4.944960	407	1
4.945140	213	1
4.950000	436	1
4.953660	285	1
4.954200	220	0
4.954380	409	1
4.955040	987	1
4.960320	861	1
4.964880	963	1
4.967940	536	1
4.968780	472	1
4.969080	324	1
4.969980	561	1
4.970160	376	1
4.975380	312	1
4.977360	786	1
4.977780	42	0
4.978920	410	1
4.979580	607	1
4.980300	176	1
4.983180	543	1
4.984140	962	1
4.986300	843	1
4.986780	370	1
4.987920	358	1
4.990620	352	1
4.991940	218	1
4.993320	318	1
4.993800	537	1
4.994520	738	1
5.000340	298	1
5.001240	90	0
5.004000	101	0
5.006220	398	1
5.007840	118	0
5.007960	723	1
5.008140	362	1
5.009700	236	1
5.011140	304	1
5.011800	489	1
5.017560	819	1
5.020680	870	1
5.022300	87	0
5.022840	803	1
5.025060	918	1
5.027100	166	1
5.027580	400	1
5.027700	81	1
5.027880	619	1
5.028120	735	1
5.028720	167	1
5.029680	209	0
5.033160	557	1
5.033220	86	0
5.035620	189	1
5.035680	547	1
5.036100	494	1
5.040120	386	1
5.044260	434	1
5.046120	83	1
5.052180	909	1
5.052960	600	1
5.058420	343	1
5.058960	798	1
5.059620	454	1
5.059860	98	0
5.060340	801	1
5.061300	438	1
5.063100	356	1
5.063400	449	1
5.063520	888	1
5.064300	470	1
5.066460	313	1
5.069760	220	0
5.070600	291	1
5.075160	800	1
5.075640	491	1
5.076120	406	1
5.077380	911	1
5.079060	210	1
5.079960	342	1
5.080560	226	1
5.082000	114	0
5.082720	744	1
5.084100	308	1
5.084280	211	0
5.084940	546	1
5.086920	223	1
5.088000	511	1
5.088780	111	1
5.091900	452	1
5.093040	740	1
5.094360	378	1
5.094840	245	1
5.094840	351	1
5.095080	415	1
5.099160	161	1
5.100240	437	1
5.101140	118	0
5.101800	869	1
5.103360	417	1
5.105700	383	1
5.106480	290	1
5.109120	464	1
5.111280	730	1
5.111700	630	1
5.113080	151	1
5.114760	61	0
5.116260	93	0
5.119680	106	0
5.120760	548	1
5.121840	257	1
5.121900	243	1
5.123400	440	1
5.123520	729	1
5.123940	594	1
5.125680	747	1
5.127780	42	0
5.128260	505	1
5.128440	570	1
5.129580	419	1
5.131860	122	1
5.132520	754	1
5.134800	62	0
5.136480	100	0
5.138940	160	1
5.139360	458	1
5.142000	84	0
5.142240	333	1
5.143080	640	1
5.146920	348	1
5.147520	588	1
5.148360	704	1
5.148840	663	1
5.148960	586	1
5.152620	64	0
5.153340	68	0
5.154240	207	1
5.154360	53	0
5.154780	720	1
5.156280	36	0
5.157120	821	1
5.157360	892	1
5.158020	115	0
5.159160	134	0
5.163240	276	1
5.166900	931	1
5.167560	208	1
5.167860	32	1
5.167860	295	1
5.169660	748	1
5.170140	706	1
5.170620	156	1
5.172720	618	1
5.173440	169	1
5.173500	709	1
5.173980	219	1
5.180760	649	1
5.181780	302	1
5.182260	353	1
5.182380	717	1
5.184120	62	1
5.184720	844	1
5.185380	476	1
5.189520	220	0
5.191620	90	0
5.193720	574	1
5.194440	248	1
5.196060	371	1
5.199360	43	0
5.199540	101	0
5.202480	606	1
5.204220	151	0
5.205480	711	1
5.205960	573	1
5.206020	57	0
5.206320	467	1
5.206500	259	1
5.207340	597	1
5.207580	634	1
5.209080	628	1
5.212860	39	0
5.214360	912	1
5.214480	751	1
5.215080	214	1
5.215620	170	0
5.216400	88	1
5.216760	157	1
5.218500	344	1
5.218920	306	1
5.221980	183	0
5.222100	903	1
5.224560	662	1
5.225040	447	1
5.225340	314	1
5.225340	757	1
5.226600	87	0
5.227380	305	1
5.227440	604	1
5.228040	482	1
5.228520	67	1
5.228640	78	0
5.230920	692	1
5.235600	793	1
5.247300	427	1
5.247780	104	1
5.249520	512	1
5.249820	705	1
5.253780	789	1
5.256840	150	0
5.261400	806	1
5.262240	148	0
5.264220	115	1
5.265120	188	0
5.266080	323	1
5.268000	392	1
5.270940	542	1
5.276280	809	1
5.278020	925	1
5.278080	984	1
5.279100	268	1
5.281320	473	1
5.291220	647	1
5.292180	118	0
5.293920	510	1
5.294040	439	1
5.294280	126	1
5.295060	432	1
5.295420	832	1
5.302800	148	1
5.304000	820	1
5.304720	262	1
5.305620	186	0
5.307120	15	1
5.307420	508	1
5.309700	220	0
5.312940	933	1
5.313240	745	1
5.314080	446	1
5.318220	544	1
5.318280	114	0
5.320020	673	1
5.323080	215	1
5.323440	284	1
5.326920	44	1
5.327460	90	0
5.329320	716	1
5.330460	967	1
5.333820	101	0
5.335380	596	1
5.336400	637	1
5.336520	263	1
5.336820	802	1
5.337780	736	1
5.340600	225	1
5.342340	881	1
5.345100	774	1
5.346180	209	0
5.348940	602	1
5.352060	106	0
5.353980	55	1
5.355900	764	1
5.356140	959	1
5.356740	955	1
5.357640	277	1
5.361420	192	1
5.361480	749	1
5.363760	36	0
5.372400	924	1
5.372580	1008	1
5.373180	442	1
5.374320	85	1
5.374980	73	1
5.376900	484	1
5.385240	147	0
5.385660	336	1
5.390100	652	1
5.392680	114	1
5.401740	80	1
5.402100	684	1
5.402160	350	1
5.404080	698	1
5.406840	776	1
5.407200	861	1
5.408220	172	1
5.409960	944	1
5.410500	339	1
5.410920	319	1
5.412540	206	1
5.415420	669	1
5.416260	261	1
5.416500	878	1
5.418420	74	1
5.419380	433	1
5.422320	73	0
5.431380	0	1
5.431440	42	0
5.435820	170	0
5.437800	51	1
5.438040	20	1
5.448420	95	1
5.448720	621	1
5.449440	527	1
5.450580	481	1
5.453220	627	1
5.453400	811	1
5.454480	220	0
5.457540	778	1
5.458560	117	1
5.462280	453	1
5.463540	943	1
5.465520	994	1
5.465640	197	1
5.466540	837	1
5.468400	93	1
5.469780	337	1
5.472900	251	1
5.474940	1006	1
5.479560	107	1
5.480820	264	1
5.485200	526	1
5.486640	224	1
5.487060	660	1
5.489100	24	1
5.495220	790	1
5.496360	275	1
5.497860	247	1
5.497980	766	1
5.503200	722	1
5.507760	254	1
5.510640	121	1
5.512020	46	1
5.515320	218	1
5.516220	321	1
5.519700	376	1
5.521140	949	1
5.521740	64	0
5.523720	25	1
5.523780	654	1
5.526120	388	1
5.528040	819	1
5.531880	29	1
5.534880	968	1
5.535060	91	1
5.539440	83	1
5.542260	641	1
5.545560	987	1
5.546520	61	0
5.551740	744	1
5.553960	149	1
5.557500	209	0
5.558220	847	1
5.561940	56	1
5.567580	36	0
5.569740	982	1
5.570580	843	1
5.573040	962	1
5.574240	426	1
5.576640	457	1
5.578020	110	1
5.588340	66	1
5.589300	827	1
5.590440	983	1
5.591040	57	1
5.593440	478	1
5.595060	399	1
5.596500	283	1
5.598060	701	1
5.598600	720	1
5.599020	416	1
5.602320	977	1
5.602980	689	1
5.604420	132	1
5.604780	220	0
5.612460	119	1
5.615880	412	1
5.616720	795	1
5.621820	884	1
5.622780	20	0
5.623860	7	1
5.626380	723	1
5.626800	53	1
5.629260	201	1
5.632620	729	1
5.632860	646	1
5.633040	408	1
5.633340	836	1
5.634720	714	1
5.635800	185	1
5.637300	603	1
5.641500	466	1
5.642220	1013	1
5.642460	407	1
5.644560	106	0
5.650560	966	1
5.651280	981	1
5.651520	558	1
5.652420	234	1
5.652660	334	1
5.655060	81	1
5.656260	118	0
5.661240	494	1
5.661840	200	1
5.665260	738	1
5.672460	786	1
5.673420	324	1
5.677140	101	0
5.679960	144	1
5.681220	406	1
5.684100	706	1
5.684940	440	1
5.687580	292	1
5.689800	173	1
5.692320	965	1
5.694960	712	1
5.695020	702	1
5.703060	415	1
5.703780	724	1
5.707320	765	1
5.709240	805	1
5.710980	271	1
5.712480	725	1
5.714820	409	1
5.717040	39	1
5.719260	853	1
5.721000	421	1
5.725620	711	1
5.726040	543	1
5.730060	600	1
5.732940	717	1
5.733720	709	1
5.734020	72	1
5.735760	16	1
5.738820	464	1
5.738820	750	1
5.740980	557	1
5.744400	226	1
5.745360	991	1
5.753040	182	0
5.757840	220	0
5.758620	418	1
5.758920	972	1
5.760240	458	1
5.762100	928	1
5.763120	735	1
5.764740	607	1
5.765100	546	1
5.766720	449	1
5.768580	692	1
5.777700	84	1
5.777880	435	1
5.781660	631	1
5.787540	213	1
5.789340	305	1
5.790480	721	1
5.790780	870	1
5.793960	276	1
5.796480	845	1
5.796900	21	1
5.798340	606	1
5.798520	865	1
5.798520	118	0
5.801820	430	1
5.802960	289	1
5.806080	42	0
5.808180	207	1
5.809260	375	1
5.810700	793	1
5.811720	170	0
5.812740	918	1
5.817300	195	1
5.819880	219	1
5.822400	615	1
5.824800	166	1
5.828340	803	1
5.830620	157	1
5.831700	705	1
5.834280	386	1
5.834280	209	0
5.835960	148	1
5.837640	798	1
5.838600	248	1
5.840760	640	1
5.841900	677	1
5.842380	568	1
5.844360	911	1
5.846520	36	0
5.846820	233	1
5.846880	245	1
5.848800	220	0
5.850180	227	0
5.850840	806	1
5.851380	832	1
5.851620	573	1
5.852040	574	1
5.856720	476	1
5.857020	800	1
5.862060	561	1
5.862360	156	1
5.864700	291	1
5.865720	904	1
5.866740	358	1
5.871600	971	1
5.875380	956	1
5.875920	312	1
5.880000	347	1
5.883180	707	1
5.886360	922	1
5.890020	859	1
5.892840	257	1
5.897400	167	1
5.897760	929	1
5.899500	586	1
5.902980	410	1
5.903640	235	0
5.903880	980	1
5.905020	210	1
5.905260	857	1
5.905320	552	1
5.905560	32	1
5.908200	931	1
5.913480	151	0
5.915640	536	1
5.917740	676	1
5.920440	417	1
5.920680	62	0
5.920920	740	1
5.925600	801	1
5.926200	208	1
5.929860	588	1
5.930340	460	1
5.931300	285	1
5.931540	730	1
5.936400	101	0
5.938560	220	0
5.938860	220	1
5.940960	748	1
5.941080	537	1
5.942100	663	1
5.942520	273	1
5.944620	189	1
5.945520	861	1
5.945520	933	1
5.947320	78	0
5.948880	473	1
5.951400	439	1
5.952720	318	1
5.957280	57	0
5.958720	118	0
5.960880	967	1
5.961840	114	1
5.966400	889	1
5.970120	602	1
5.970420	720	1
5.976300	304	1
5.980020	398	1
5.981340	293	1
5.981640	214	1
5.981760	337	1
5.981940	62	1
5.986680	912	1
5.986980	510	1
5.989080	630	1
5.989140	747	1
5.991180	869	1
5.991720	209	0
5.992200	749	1
5.994480	619	1
5.995200	570	1
5.996040	581	1
5.998140	438	1
5.999400	744	1
6.000540	597	1
6.001080	594	1
6.002220	55	1
6.003720	618	1
6.003720	764	1
6.005520	151	1
6.006000	359	1
6.007140	456	1
6.008940	85	1
6.009540	434	1
6.011880	64	0
6.013920	637	1
6.016200	596	1
6.016380	223	1
6.018660	218	1
6.021060	436	1
6.021480	236	1
6.022800	365	1
6.023340	150	0
6.025980	215	1
6.026040	115	1
6.026880	104	1
6.028620	754	1
6.037680	147	0
6.039480	511	1
6.041040	660	1
6.042720	225	1
6.045420	963	1
6.048300	547	1
6.048360	362	1
6.048900	15	1
6.052200	470	1
6.052200	36	0
6.052260	39	0
6.052320	634	1
6.055740	662	1
6.056160	298	1
6.056880	649	1
6.056940	343	1
6.057960	1008	1
6.058380	883	1
6.058440	716	1
6.058680	868	1
6.059400	151	0
6.063060	220	0
6.063120	844	1
6.064080	129	1
6.064320	627	1
6.066660	183	0
6.067200	855	1
6.069060	808	1
6.070320	484	1
6.070380	442	1
6.070860	477	1
6.071520	955	1
6.075540	611	1
6.077460	339	1
6.077700	206	1
6.080340	20	1
6.083400	467	1
6.083640	757	1
6.084540	505	1
6.084600	161	1
6.085140	263	1
6.085560	527	1
6.085980	344	1
6.086040	164	0
6.088260	751	1
6.089220	259	1
6.090480	351	1
6.097980	169	1
6.100200	821	1
6.100860	604	1
6.104520	134	0
6.107040	243	1
6.108780	320	1
6.108960	446	1
6.109800	704	1
6.110760	819	1
6.111060	86	0
6.113340	994	1
6.114780	406	1
6.116580	370	1
6.117780	192	1
6.121140	881	1
6.123360	42	0
6.124800	264	1
6.127140	342	1
6.128160	268	1
6.129120	962	1
6.132120	277	1
6.133620	61	0
6.134040	431	1
6.134100	647	1
6.135180	324	1
6.135300	313	1
6.135900	809	1
6.135900	101	0
6.137940	95	1
6.138180	67	1
6.140400	512	1
6.144180	729	1
6.144420	548	1
6.147300	247	1
6.147300	486	1
6.153480	489	1
6.154080	987	1
6.154620	454	1
6.155520	376	1
6.160380	433	1
6.161280	944	1
6.163320	118	0
6.168840	353	1
6.168900	90	0
6.173040	472	1
6.173640	209	0
6.174660	350	1
6.177120	437	1
6.177840	111	1
6.178320	100	0
6.179940	87	0
6.181020	78	0
6.181680	943	1
6.183180	68	0
6.184500	641	1
6.189540	333	1
6.189900	621	1
6.190620	648	1
6.194640	106	0
6.195960	336	1
6.198660	400	1
6.201480	461	1
6.203820	452	1
6.204540	286	1
6.204900	83	1
6.206340	220	0
6.207180	921	1
6.209160	308	1
6.214080	723	1
6.217320	275	1
6.219840	415	1
6.220980	29	1
6.221400	897	1
6.222780	64	0
6.227160	65	1
6.229800	399	1
6.231780	440	1
6.233700	790	1
6.234300	802	1
6.239520	132	1
6.241860	706	1
6.243120	628	1
6.244440	93	0
6.246780	105	0
6.246900	717	1
6.249720	426	1
6.253560	606	1
6.254100	464	1
6.256920	1006	1
6.261300	126	1
6.269760	711	1
6.271380	968	1
6.272580	149	1
6.275400	891	1
6.276780	984	1
6.278160	766	1
6.282060	91	1
6.286200	983	1
6.288660	843	1
6.288900	820	1
6.294180	386	1
6.297480	197	1
6.301020	262	1
6.303120	718	1
6.305340	93	1
6.309840	348	1
6.310620	80	1
6.310800	251	1
6.311940	219	1
6.320760	110	1
6.327000	786	1
6.327120	220	0
6.330120	36	0
6.330420	458	1
6.333060	408	1
6.333180	646	1
6.335940	305	1
6.338280	384	1
6.339000	909	1
6.353940	20	0
6.356940	42	0
6.358140	449	1
6.364020	118	0
6.366000	669	1
6.368040	878	1
6.368580	98	0
6.371460	421	1
6.374040	778	1
6.374160	88	1
6.375180	81	1
6.375600	476	1
6.378960	371	1
6.382500	892	1
6.385380	903	1
6.387960	982	1
6.388080	25	1
6.392700	90	0
6.393240	832	1
6.393840	157	1
6.398340	494	1
6.400320	148	1
6.400800	388	1
6.401760	557	1
6.402120	738	1
6.408480	949	1
6.409740	44	1
6.416640	220	0
6.417900	692	1
6.418380	283	1
6.421200	966	1
6.422340	276	1
6.424320	209	0
6.426360	450	1
6.426720	543	1
6.427680	776	1
6.429360	409	1
6.434520	750	1
6.435060	795	1
6.436680	360	1
6.451560	314	1
6.451740	412	1
6.454380	73	1
6.455760	709	1
6.455760	720	1
6.457680	558	1
6.464760	323	1
6.468420	101	0
6.473280	78	0
6.474120	418	1
6.474120	546	1
6.476220	248	1
6.480240	144	1
6.481680	117	1
6.482460	673	1
6.482700	793	1
6.484020	805	1
6.485700	74	1
6.498300	600	1
6.505620	383	1
6.506280	699	1
6.508800	114	1
6.510720	701	1
6.511620	170	0
6.511740	152	1
6.512340	798	1
6.513540	749	1
6.516840	226	1
6.518880	356	1
6.519120	118	0
6.521940	574	1
6.527700	744	1
6.528660	66	1
6.531300	337	1
6.532260	573	1
6.533040	911	1
6.534000	933	1
6.534000	965	1
6.536580	853	1
6.537900	967	1
6.538020	173	1
6.541920	928	1
6.542580	156	1
6.542760	508	1
6.544800	51	1
6.545400	220	0
6.546600	765	1
6.547320	107	1
6.549060	741	1
6.556620	827	1
6.558420	861	1
6.564480	358	1
6.564840	207	1
6.565440	870	1
6.566520	39	0
6.571140	959	1
6.574740	705	1
6.577380	463	1
6.583740	284	1
6.584940	918	1
6.586020	234	1
6.592440	218	1
6.593400	615	1
6.594420	865	1
6.599940	62	1
6.601320	800	1
6.602640	36	0
6.605400	962	1
6.605760	42	0
6.606660	811	1
6.607740	607	1
6.610320	923	1
6.612600	292	1
6.612660	245	1
6.615660	227	0
6.618240	722	1
6.619560	955	1
6.621780	473	1
6.621960	220	0
6.623520	729	1
6.625320	924	1
6.628320	801	1
6.628920	290	1
6.630720	735	1
6.633720	0	1
6.635100	819	1
6.635460	209	0
6.637200	748	1
6.638700	115	1
6.641940	1013	1
6.642840	291	1
6.648900	406	1
6.649500	85	1
6.649560	803	1
6.651360	339	1
6.652860	991	1
6.653880	122	1
6.654780	430	1
6.658260	640	1
6.659880	24	1
6.661740	912	1
6.663360	208	1
6.669480	257	1
6.671340	931	1
6.674280	702	1
6.678360	119	1
6.679140	180	0
6.681240	215	1
6.682860	271	1
6.689700	231	0
6.693000	289	1
6.695880	925	1
6.697020	57	0
6.697140	806	1
6.706500	55	1
6.708900	322	1
6.709140	627	1
6.713580	869	1
6.714540	210	1
6.715800	104	1
6.715800	764	1
6.719940	971	1
6.721560	151	1
6.722940	724	1
6.729660	730	1
6.732420	660	1
6.732780	637	1
6.736020	172	1
6.736020	677	1
6.739800	235	0
6.741600	220	0
6.744480	312	1
6.746100	435	1
6.747420	20	1
6.747720	689	1
6.748380	662	1
6.749760	195	1
6.749940	706	1
6.751260	214	1
6.752280	324	1
6.753660	711	1
6.754020	53	1
6.755520	586	1
6.759840	712	1
6.759840	754	1
6.760440	994	1
6.760740	264	1
6.761280	439	1
6.763080	602	1
6.763440	36	0
6.764100	981	1
6.765720	859	1
6.765960	484	1
6.767220	980	1
6.767280	537	1
6.770460	32	1
6.771120	596	1
6.771780	46	1
6.776460	56	1
6.780060	676	1
6.781440	415	1
6.789300	716	1
6.790440	561	1
6.790920	721	1
6.792060	95	1
6.795600	745	1
6.796800	83	1
6.799320	42	0
6.801360	200	1
6.805020	720	1
6.810960	304	1
6.818400	334	1
6.818940	1008	1
6.824700	740	1
6.827820	183	0
6.829800	440	1
6.831660	606	1
6.834180	302	1
6.834480	39	0
6.836280	185	1
6.840240	318	1
6.844800	7	1
6.845280	747	1
6.846780	206	1
6.848400	167	1
6.850260	630	1
6.851880	836	1
6.852060	62	0
6.852960	987	1
6.854280	723	1
6.855060	641	1
6.856860	717	1
6.859980	29	1
6.864180	213	1
6.864240	57	1
6.865380	663	1
6.867960	618	1
6.870480	219	1
6.870600	536	1
6.872760	15	1
6.874320	399	1
6.874800	956	1
6.880800	192	1
6.881940	67	1
6.886260	588	1
6.891600	922	1
6.892080	28	0
6.892440	351	1
6.892980	220	0
6.893760	597	1
6.897960	698	1
6.898140	343	1
6.898440	150	0
6.899460	285	1
6.900180	166	1
6.902520	209	0
6.907740	417	1
6.908400	407	1
6.910320	594	1
6.912240	36	0
6.914400	16	1
6.917040	707	1
6.920580	843	1
6.920640	510	1
6.922080	305	1
6.927300	832	1
6.928020	225	1
6.929400	570	1
6.936780	148	1
6.938220	263	1
6.939360	276	1
6.943080	604	1
6.944940	757	1
6.945360	434	1
6.946140	426	1
6.946680	442	1
6.948600	467	1
6.948840	261	1
6.950460	189	1
6.953820	944	1
6.954660	466	1
6.964740	132	1
6.969780	410	1
6.974160	693	1
6.976620	790	1
6.977040	223	1
6.977100	446	1
6.978360	273	1
6.979140	147	0
6.980040	91	1
6.980940	350	1
6.983520	751	1
6.983880	464	1
6.984240	64	0
6.984720	963	1
6.985500	106	0
6.986280	308	1
6.988200	243	1
6.989520	692	1
6.990480	10	1
6.991080	28	1
6.991320	118	0
6.991620	398	1
6.991740	169	1
6.992700	1006	1
6.998220	844	1
6.998760	376	1
7.002540	21	1
7.004220	793	1
7.005600	220	0
7.007340	220	1
7.007820	201	1
7.009620	408	1
7.011000	110	1
7.012800	295	1
7.013220	320	1
7.013400	129	1
7.014780	1022	1
7.014840	277	1
7.015380	247	1
7.015980	436	1
7.019940	342	1
7.020300	80	1
7.020660	460	1
7.021560	365	1
7.023060	386	1
7.025340	161	1
7.027200	494	1
7.028280	512	1
7.030080	157	1
7.030680	619	1
7.032360	298	1
7.032780	943	1
7.033560	101	0
7.034520	456	1
7.034820	90	0
7.035540	73	0
7.035600	438	1
7.035660	766	1
7.036080	649	1
7.036380	704	1
7.036920	581	1
7.037880	61	0
7.039260	809	1
7.041720	634	1
7.041960	197	1
7.043100	40	0
7.043760	557	1
7.044420	968	1
7.045500	254	1
7.045740	114	0
7.052040	621	1
7.054020	236	1
7.054860	505	1
7.055040	527	1
7.056720	977	1
7.056900	472	1
7.057020	983	1
7.060020	93	0
7.060740	362	1
7.061160	476	1
7.061340	81	0
7.062120	433	1
7.062960	377	1
7.063140	647	1
7.063620	104	0
7.065480	53	0
7.066440	744	1
7.067820	458	1
7.068660	470	1
7.071240	105	0
7.072020	889	1
7.074240	78	0
7.075440	218	1
7.076640	544	1
7.076880	114	1
7.078200	98	0
7.079280	84	1
7.080360	36	0
7.080840	353	1
7.081020	337	1
7.081440	66	0
7.083420	984	1
7.084020	449	1
7.084500	646	1
7.087620	248	1
7.089120	313	1
7.089240	738	1
7.090440	268	1
7.091700	409	1
7.091760	709	1
7.094100	86	0
7.095180	118	0
7.095420	333	1
7.095900	306	1
7.096020	786	1
7.096080	122	0
7.096200	70	0
7.100580	112	0
7.100640	543	1
7.100940	344	1
7.101420	224	1
7.102140	20	0
7.102500	388	1
7.104360	600	1
7.104540	275	1
7.105620	568	1
7.105740	170	0
7.106280	259	1
7.109280	421	1
7.110060	573	1
7.110720	547	1
7.111140	81	1
7.113660	972	1
7.118400	457	1
7.119180	684	1
7.120380	149	1
7.120800	336	1
7.122300	802	1
7.122600	68	0
7.124160	546	1
7.126200	126	1
7.127940	511	1
7.128240	139	0
7.130580	220	0
7.133520	603	1
7.134300	406	1
7.135260	729	1
7.136220	359	1
7.139880	339	1
7.141200	574	1
7.141440	778	1
7.144740	664	1
7.146120	42	0
7.147020	392	1
7.147500	188	1
7.147500	87	0
7.148460	736	1
7.149720	134	0
7.152120	611	1
7.153080	90	0
7.153260	133	0
7.157460	447	1
7.159380	750	1
7.160880	881	1
7.161480	370	1
7.163760	147	0
7.164360	400	1
7.167540	151	0
7.169220	64	0
7.169580	845	1
7.170240	412	1
7.171080	452	1
7.171200	552	1
7.172280	821	1
7.175760	982	1
7.176600	749	1
7.177560	95	0
7.179000	55	1
7.179240	437	1
7.185360	628	1
7.186200	101	0
7.186800	85	0
7.187880	558	1
7.188240	548	1
7.188360	118	0
7.189140	72	1
7.191000	489	1
7.193340	156	1
7.195560	705	1
7.197000	486	1
7.197300	226	1
7.199640	144	1
7.204020	482	1
7.209000	358	1
7.210680	100	0
7.210800	720	1
7.211880	725	1
7.212660	967	1
7.214400	542	1
7.215720	419	1
7.217940	106	0
7.222020	99	0
7.222080	795	1
7.229880	454	1
7.232820	114	0
7.233120	805	1
7.233180	105	0
7.234200	25	1
7.234440	966	1
7.235280	418	1
7.236660	957	1
7.238160	215	1
7.240620	245	1
7.245780	209	0
7.246500	111	1
7.247280	93	1
7.247820	283	1
7.254600	878	1
7.255860	207	1
7.258500	251	1
7.258740	607	1
7.258740	819	1
7.267680	173	1
7.267740	477	1
7.271280	453	1
7.275000	933	1
7.276140	42	0
7.277760	884	1
7.278360	220	0
7.281420	911	1
7.283580	314	1
7.285500	798	1
7.286580	36	0
7.288140	806	1
7.288260	160	1
7.288620	870	1
7.290300	640	1
7.292640	217	1
7.294620	764	1
7.297200	257	1
7.297440	808	1
7.298460	861	1
7.306200	631	1
7.309200	62	1
7.311720	115	1
7.315980	85	1
7.316040	208	1
7.321080	853	1
7.330140	348	1
7.332060	965	1
7.333500	801	1
7.334880	439	1
7.335120	205	1
7.335420	789	1
7.337820	918	1
7.341660	637	1
7.341720	615	1
7.342440	432	1
7.342740	57	0
7.343100	962	1
7.345860	234	1
7.346280	765	1
7.349580	150	1
7.351140	669	1
7.351500	627	1
7.352940	800	1
7.355100	955	1
7.359180	20	1
7.359840	235	0
7.361700	949	1
7.362000	928	1
7.362360	827	1
7.364280	706	1
7.369560	210	1
7.373160	820	1
7.373340	711	1
7.373820	104	1
7.374180	219	1
7.376400	602	1
7.378020	415	1
7.380540	220	0
7.382400	891	1
7.386660	163	1
7.389120	717	1
7.391580	66	1
7.394520	101	0
7.397880	660	1
7.398600	291	1
7.400220	227	0
7.401120	264	1
7.402860	430	1
7.403940	214	1
7.406160	865	1
7.406880	803	1
7.407180	929	1
7.411440	526	1
7.414260	931	1
7.415400	904	1
7.416660	39	0
7.423140	83	1
7.426380	180	0
7.426800	36	0
7.428780	88	1
7.429080	761	1
7.429980	440	1
7.432140	121	1
7.432980	994	1
7.436580	356	1
7.436700	221	1
7.437420	61	0
7.439400	192	1
7.439580	869	1
7.440300	737	1
7.441260	209	0
7.442100	606	1
7.444920	95	1
7.447560	231	0
7.448700	596	1
7.449720	716	1
7.453320	473	1
7.453620	857	1
7.455600	912	1
7.459140	484	1
7.459440	991	1
7.471260	232	0
7.471380	220	0
7.471560	814	1
7.471740	748	1
7.472880	28	0
7.475700	754	1
7.488060	262	1
7.488360	868	1
7.489200	735	1
7.489980	292	1
7.490160	673	1
7.491300	652	1
7.491720	148	1
7.496340	843	1
7.498320	289	1
7.499580	701	1
7.500120	714	1
7.501320	324	1
7.503420	730	1
7.504080	811	1
7.506120	987	1
7.507080	74	1
7.509120	461	1
7.511700	832	1
7.518420	774	1
7.521000	981	1
7.523580	662	1
7.524420	892	1
7.527120	481	1
7.532400	605	1
7.532580	44	1
7.539180	837	1
7.540560	641	1
7.545000	586	1
7.546080	723	1
7.551300	399	1
7.551480	183	0
7.552200	195	1
7.554540	700	1
7.556280	692	1
7.556460	206	1
7.557060	855	1
7.558080	312	1
7.558740	220	0
7.563360	561	1
7.564920	744	1
7.566420	240	1
7.572660	729	1
7.573620	170	0
7.574640	199	0
7.575600	209	0
7.578000	305	1
7.580700	446	1
7.582140	630	1
7.589280	720	1
7.596120	318	1
7.596480	67	1
7.607460	117	1
7.607520	337	1
7.608600	151	1
7.610460	776	1
7.616040	793	1
7.619160	91	1
7.624320	494	1
7.626000	1008	1
7.629060	689	1
7.632420	702	1
7.634460	790	1
7.637460	186	0
7.639020	1013	1
7.639680	42	0
7.643040	718	1
7.644120	980	1
7.648020	73	1
7.650240	766	1
7.651020	971	1
7.653420	722	1
7.654860	745	1
7.661820	851	1
7.662420	290	1
7.662840	107	1
7.665300	293	1
7.667460	663	1
7.671900	114	1
7.672320	276	1
7.675680	944	1
7.677840	426	1
7.681440	110	1
7.681740	218	1
7.686060	51	1
7.687020	36	0
7.692600	408	1
7.695120	847	1
7.698420	80	1
7.702020	464	1
7.705080	157	1
7.705260	646	1
7.709580	343	1
7.717860	225	1
7.718520	458	1
7.718760	757	1
7.719420	903	1
7.721520	676	1
7.723200	271	1
7.723260	883	1
7.724820	677	1
7.728120	537	1
7.732380	220	0
7.732800	449	1
7.734660	118	0
7.740660	876	1
7.746480	248	1
7.747440	747	1
7.747620	510	1
7.748400	15	1
7.752120	597	1
7.752300	334	1
7.752420	743	1
7.756560	0	1
7.758840	406	1
7.760640	32	1
7.762080	859	1
7.762380	24	1
7.763400	778	1
7.769280	213	1
7.770240	209	0
7.770420	557	1
7.772760	388	1
7.785540	39	0
7.785720	149	1
7.786140	376	1
7.786500	339	1
7.786920	1006	1
7.787160	709	1
7.788900	476	1
7.789260	724	1
7.790400	383	1
7.791180	968	1
7.796400	738	1
7.798680	189	1
7.804140	573	1
7.806420	983	1
7.806780	29	1
7.809240	654	1
7.810800	740	1
7.811880	546	1
7.813800	967	1
7.816980	749	1
7.817340	959	1
7.817940	132	1
7.818900	706	1
7.821600	607	1
7.823340	263	1
7.828020	574	1
7.828260	711	1
7.833780	442	1
7.834680	386	1
7.834800	943	1
7.835460	226	1
7.835700	594	1
7.836000	55	1
7.837560	621	1
7.839660	712	1
7.845900	600	1
7.849140	371	1
7.849680	536	1
7.852080	836	1
7.852200	819	1
7.853280	409	1
7.854180	119	1
7.855020	81	1
7.856460	809	1
7.859760	247	1
7.860180	750	1
7.864680	215	1
7.865520	717	1
7.868520	351	1
7.870380	604	1
7.870380	704	1
7.872960	101	0
7.874400	36	0
7.874760	417	1
7.875960	467	1
7.877880	705	1
7.878000	220	0
7.881000	984	1
7.883580	433	1
7.883820	956	1
7.884900	182	0
7.888200	786	1
7.889280	764	1
7.889400	440	1
7.894260	156	1
7.894320	167	1
7.896300	118	0
7.899780	618	1
7.900260	412	1
7.908360	512	1
7.908900	720	1
7.909260	44	0
7.913220	435	1
7.915740	415	1
7.917180	186	0
7.917480	207	1
7.917960	147	0
7.918500	527	1
7.919760	933	1
7.922820	350	1
7.929720	606	1
7.930740	245	1
7.930980	144	1
7.933440	881	1
7.935240	543	1
7.937880	407	1
7.939200	795	1
7.945560	921	1
7.945740	42	0
7.946460	588	1
7.949100	122	1
7.952460	570	1
7.957380	106	0
7.958400	805	1
7.962000	200	1
7.962420	965	1
7.964280	619	1
7.964700	861	1
7.965060	114	0
7.965420	421	1
7.970820	342	1
7.971060	889	1
7.973100	721	1
7.974120	148	1
7.978080	201	1
7.978200	320	1
7.978440	166	1
7.979280	962	1
7.981380	410	1
7.981920	209	0
7.982760	431	1
7.983060	62	1
7.984740	418	1
7.985160	470	1
7.986240	802	1
7.988460	275	1
7.989180	982	1
7.990140	801	1
7.991460	172	1
7.995180	627	1
7.996380	115	1
7.998120	220	0
7.998300	46	1
7.998540	647	1
7.999260	20	1
8.000160	581	1
8.001120	104	1
8.001600	955	1
8.003580	640	1
8.010780	398	1
8.011020	798	1
8.013240	684	1
8.013300	169	1
8.014140	85	1
8.014800	436	1
8.016300	28	0
8.018640	602	1
8.021880	197	1
8.026440	751	1
8.027640	185	1
8.030100	434	1
8.030280	36	0
8.034660	298	1
8.036520	438	1
8.037660	161	1
8.039760	53	1
8.040900	304	1
8.041980	439	1
8.041980	707	1
8.042340	358	1
8.043480	649	1
8.043540	870	1
8.043780	473	1
8.046480	257	1
8.047980	741	1
8.049780	277	1
8.050440	806	1
8.050860	264	1
8.051100	843	1
8.051580	660	1
8.055900	922	1
8.058600	637	1
8.059020	129	1
8.063760	362	1
8.064780	558	1
8.065560	208	1
8.067180	219	1
8.067840	101	0
8.068440	285	1
8.069820	83	1
8.070540	7	1
8.072760	729	1
8.074740	853	1
8.075400	708	1
8.077920	911	1
8.078460	57	1
8.079180	832	1
8.081100	375	1
8.082420	365	1
8.082900	220	1
8.083320	25	1
8.083860	192	1
8.085180	231	0
8.086560	210	1
8.087340	611	1
8.087520	57	0
8.087820	151	0
8.089020	918	1
8.089980	126	1
8.091060	596	1
8.091180	283	1
8.092380	781	1
8.093220	472	1
8.093340	994	1
8.095680	273	1
8.096340	64	0
8.096700	344	1
8.097120	220	0
8.098020	460	1
8.098620	93	1
8.100600	399	1
8.101620	86	0
8.103360	924	1
8.103840	236	1
8.104080	150	0
8.104800	56	1
8.105460	966	1
8.107560	170	0
8.108520	324	1
8.109540	95	1
8.111880	336	1
8.112600	40	0
8.112720	359	1
8.113500	114	1
8.116380	323	1
8.119380	111	1
8.119740	90	0
8.121420	793	1
8.124360	118	0
8.126220	61	0
8.128740	39	1
8.129640	744	1
8.129760	54	0
8.131680	53	0
8.131980	313	1
8.132280	227	0
8.132820	16	1
8.133600	39	0
8.134020	634	1
8.134680	484	1
8.135760	378	1
8.135880	78	0
8.136720	765	1
8.137740	68	0
8.140140	972	1
8.145420	209	0
8.145960	928	1
8.148840	844	1
8.149740	723	1
8.150520	963	1
8.151300	987	1
8.153640	466	1
8.153940	505	1
8.154480	615	1
8.154540	87	0
8.161920	305	1
8.162460	337	1
8.163900	931	1
8.164920	251	1
8.165700	716	1
8.166780	547	1
8.169120	827	1
8.169900	869	1
8.170620	662	1
8.171520	641	1
8.171520	821	1
8.174460	235	0
8.176380	106	0
8.177040	295	1
8.179680	286	1
8.180340	173	1
8.180820	568	1
8.181660	888	1
8.182140	157	1
8.182380	308	1
8.184300	254	1
8.187480	220	0
8.188320	800	1
8.188920	42	0
8.190060	500	1
8.191440	748	1
8.193300	214	1
8.196360	333	1
8.197260	446	1
8.198280	196	1
8.198280	542	1
8.198940	489	1
8.199360	865	1
8.200440	21	1
8.200500	845	1
8.201340	452	1
8.202780	218	1
8.204640	586	1
8.204940	406	1
8.205060	223	1
8.205840	284	1
8.206620	457	1
8.208300	735	1
8.211300	360	1
8.212320	437	1
8.212740	261	1
8.214300	183	0
8.214600	36	0
8.216040	339	1
8.218020	243	1
8.220720	628	1
8.223120	312	1
8.223300	454	1
8.224320	73	0
8.226000	831	1
8.226660	456	1
8.229000	370	1
8.230920	211	0
8.232240	153	1
8.232840	133	0
8.237100	803	1
8.237580	66	0
8.238600	62	0
8.239380	234	1
8.243280	912	1
8.247840	259	1
8.248020	206	1
8.248740	61	0
8.249520	268	1
8.251920	548	1
8.252460	100	0
8.255280	352	1
8.255280	56	0
8.256180	90	0
8.256420	105	0
8.256900	81	0
8.257380	318	1
8.257740	754	1
8.258760	87	0
8.260740	603	1
8.260980	464	1
8.262180	400	1
8.262480	321	1
8.264340	511	1
8.264760	289	1
8.266980	118	0
8.267400	458	1
8.268360	86	0
8.270700	106	0
8.271720	909	1
8.272680	95	0
8.274960	57	0
8.279280	114	0
8.279640	93	0
8.283000	730	1
8.283960	630	1
8.285160	291	1
8.288520	692	1
8.288640	276	1
8.291280	71	0
8.291880	878	1
8.295900	669	1
8.300340	449	1
8.301120	561	1
8.302980	494	1
8.305740	248	1
8.310840	711	1
8.314800	527	1
8.316840	220	0
8.317200	991	1
8.317980	725	1
8.321280	820	1
8.327100	39	0
8.327700	225	1
8.333820	450	1
8.338200	78	0
8.338800	419	1
8.343840	224	1
8.344200	101	0
8.349900	646	1
8.352060	736	1
8.353740	510	1
8.356260	430	1
8.362920	557	1
8.363040	1008	1
8.366460	720	1
8.368920	790	1
8.371740	91	1
8.372100	811	1
8.372220	706	1
8.373480	698	1
8.373720	195	1
8.374440	314	1
8.376120	110	1
8.384400	80	1
8.388240	152	1
8.389680	891	1
8.395200	819	1
8.396100	440	1
8.400900	981	1
8.401020	766	1
8.409240	749	1
8.412720	607	1
8.415780	701	1
8.419620	262	1
8.422860	949	1
8.428800	476	1
8.432880	244	1
8.434380	209	0
8.439420	892	1
8.442240	88	1
8.444760	226	1
8.445840	705	1
8.449080	66	1
8.452800	717	1
8.452920	573	1
8.455560	263	1
8.459280	600	1
8.461080	118	0
8.461140	67	1
8.464680	301	1
8.468400	663	1
8.474040	606	1
8.475900	745	1
8.478000	884	1
8.480700	967	1
8.482800	215	1
8.486100	546	1
8.487420	149	1
8.489760	552	1
8.491200	933	1
8.492580	148	1
8.495040	220	0
8.514300	415	1
8.516580	213	1
8.519220	968	1
8.519400	151	1
8.525460	245	1
8.527200	36	0
8.533620	718	1
8.535240	376	1
8.535720	689	1
8.536680	944	1
8.537520	764	1
8.538240	574	1
8.538900	156	1
8.541480	897	1
8.543760	74	1
8.544840	55	1
8.545260	729	1
8.546940	750	1
8.547240	744	1
8.547960	388	1
8.548620	15	1
8.549700	673	1
8.550780	971	1
8.551620	597	1
8.554680	42	0
8.555100	351	1
8.555400	442	1
8.558580	44	0
8.560800	842	1
8.569440	408	1
8.571900	160	1
8.576700	738	1
8.577000	676	1
8.577840	258	1
8.578140	776	1
8.583060	983	1
8.583180	929	1
8.594940	290	1
8.595960	808	1
8.597280	709	1
8.600820	943	1
8.603940	861	1
8.605020	795	1
8.605800	220	0
8.606460	621	1
8.607300	117	1
8.614020	426	1
8.614020	722	1
8.614800	118	0
8.616180	806	1
8.618940	965	1
8.619060	627	1
8.621160	640	1
8.622660	537	1
8.623560	677	1
8.627100	219	1
8.629380	29	1
8.631960	757	1
8.637900	132	1
8.640840	209	0
8.644380	1013	1
8.645220	702	1
8.645820	962	1
8.646900	955	1
8.648100	107	1
8.652900	170	0
8.657220	720	1
8.658060	208	1
8.658300	20	1
8.659320	798	1
8.661900	73	1
8.662140	115	1
8.662680	44	1
8.663820	704	1
8.664600	409	1
8.664960	536	1
8.667720	386	1
8.670480	85	1
8.674320	467	1
8.678460	594	1
8.681940	980	1
8.683980	1006	1
8.684280	740	1
8.686200	62	1
8.686440	83	1
8.686680	207	1
8.688660	51	1
8.691660	144	1
8.693340	714	1
8.697120	660	1
8.697360	412	1
8.700900	723	1
8.709060	786	1
8.710200	114	1
8.711040	868	1
8.716140	32	1
8.716380	36	0
8.721060	843	1
8.722440	28	0
8.724000	247	1
8.725200	189	1
8.725860	220	0
8.726340	984	1
8.727840	218	1
8.735940	778	1
8.737800	257	1
8.739600	870	1
8.740500	417	1
8.740560	104	1
8.745540	832	1
8.746200	350	1
8.748120	192	1
8.748900	994	1
8.753580	399	1
8.754000	418	1
8.755920	793	1
8.758080	39	0
8.760300	526	1
8.763840	543	1
8.764800	167	1
8.768100	81	1
8.768100	264	1
8.769060	473	1
8.769420	42	0
8.770200	324	1
8.771700	911	1
8.771880	747	1
8.773800	292	1
8.776800	209	0
8.782260	805	1
8.783040	101	0
8.784480	186	0
8.785080	95	1
8.786700	801	1
8.786880	334	1
8.787720	596	1
8.790480	84	1
8.790480	57	0
8.792640	987	1
8.794920	433	1
8.796120	977	1
8.798820	343	1
8.801760	711	1
8.804700	271	1
8.806620	210	1
8.808240	602	1
8.812500	337	1
8.813460	982	1
8.820180	439	1
8.825760	157	1
8.826900	220	0
8.827140	637	1
8.830080	604	1
8.831100	859	1
8.837640	305	1
8.849520	406	1
8.849580	118	0
8.852880	339	1
8.853900	570	1
8.854800	712	1
8.857740	93	1
8.865060	931	1
8.869860	122	1
8.870520	918	1
8.878260	662	1
8.881020	86	0
8.885940	809	1
8.886360	275	1
8.886900	641	1
8.896620	64	0
8.903940	928	1
8.904480	484	1
8.905320	421	1
8.911560	716	1
8.911560	853	1
8.913540	586	1
8.913960	392	1
8.914020	869	1
8.919780	735	1
8.924760	618	1
8.926860	129	1
8.932980	220	0
8.937420	966	1
8.938320	25	1
8.939160	227	0
8.939220	248	1
8.941380	119	1
8.944440	1022	1
8.951460	276	1
8.951520	558	1
8.954280	751	1
8.954820	544	1
8.956560	724	1
8.960700	512	1
8.961780	827	1
8.962380	925	1
8.971980	903	1
8.972160	956	1
8.977860	765	1
8.978040	358	1
8.979180	800	1
8.979480	251	1
8.982120	706	1
8.984880	458	1
8.989800	461	1
8.992140	630	1
8.998920	283	1
9.003000	494	1
9.004980	717	1
9.006240	24	1
9.008220	692	1
9.009180	647	1
9.017100	0	1
9.017940	865	1
9.020880	606	1
9.021420	161	1
9.022140	440	1
9.022740	464	1
9.024000	148	1
9.024240	172	1
9.030060	398	1
9.030660	912	1
9.033240	819	1
9.033840	470	1
9.034740	91	1
9.037140	359	1
9.038760	220	0
9.043140	214	1
9.045060	615	1
9.046800	407	1
9.046980	959	1
9.047940	729	1
9.048000	446	1
9.049740	110	1
9.050940	215	1
9.051600	435	1
9.051780	588	1
9.052200	449	1
9.053340	649	1
9.053880	200	1
9.054660	320	1
9.054900	206	1
9.056280	126	1
9.064320	546	1
9.064980	415	1
9.066660	607	1
9.068520	754	1
9.070740	803	1
9.073320	476	1
9.075300	197	1
9.075660	510	1
9.075960	573	1
9.076020	118	0
9.076860	101	0
9.078060	527	1
9.079620	42	0
9.080940	836	1
9.081360	557	1
9.082860	436	1
9.087120	225	1
9.088140	574	1
9.091980	619	1
9.093420	705	1
9.093960	744	1
9.094500	410	1
9.095520	289	1
9.095880	149	1
9.098940	383	1
9.099900	36	0
9.102900	312	1
9.103140	234	1
9.104040	646	1
9.104760	209	0
9.110640	547	1
9.111840	749	1
9.112920	600	1
9.116220	581	1
9.117180	922	1
9.118680	460	1
9.119520	348	1
9.121080	148	0
9.122880	219	1
9.123000	226	1
9.124440	188	0
9.124560	789	1
9.126360	933	1
9.128760	821	1
9.132060	173	1
9.133260	169	1
9.135060	720	1
9.135240	362	1
9.135300	991	1
9.136980	967	1
9.137460	318	1
9.137880	611	1
9.140160	90	0
9.140700	166	1
9.140880	371	1
9.142020	114	1
9.145920	861	1
9.147480	730	1
9.148380	273	1
9.155940	472	1
9.156000	111	1
9.156960	304	1
9.159420	438	1
9.159660	489	1
9.160620	790	1
9.161640	561	1
9.162420	259	1
9.163320	336	1
9.168180	766	1
9.168360	388	1
9.168600	220	0
9.169860	419	1
9.171240	55	1
9.171720	1008	1
9.172020	322	1
9.175860	881	1
9.177120	750	1
9.177600	245	1
9.179520	44	0
9.179880	291	1
9.182100	356	1
9.183840	365	1
9.186540	748	1
9.186720	62	0
9.187860	220	1
9.189660	298	1
9.189960	634	1
9.192720	427	1
9.192900	764	1
9.194520	101	0
9.196500	156	1
9.198120	376	1
9.200640	344	1
9.201120	353	1
9.205320	505	1
9.205320	844	1
9.205320	889	1
9.206460	342	1
9.206640	64	0
9.207360	802	1
9.207780	78	0
9.208680	452	1
9.209280	195	1
9.209820	98	0
9.210120	61	0
9.210840	81	0
9.212340	370	1
9.213060	701	1
9.213540	142	0
9.213960	437	1
9.214320	795	1
9.214500	456	1
9.214500	86	0
9.217020	257	1
9.217380	87	0
9.217560	313	1
9.219900	114	0
9.222600	42	0
9.223800	454	1
9.226740	115	1
9.228000	453	1
9.234180	323	1
9.234180	442	1
9.234660	277	1
9.235680	118	0
9.236160	102	0
9.240780	105	0
9.242940	93	0
9.243960	223	1
9.245340	80	0
9.246120	285	1
9.249420	832	1
9.249600	434	1
9.249900	151	0
9.251340	218	1
9.255540	243	1
9.256740	236	1
9.260460	263	1
9.261720	68	0
9.262680	106	0
9.262800	924	1
9.263160	176	1
9.264960	268	1
9.267180	201	1
9.271800	568	1
9.273060	308	1
9.274440	185	1
9.274980	57	0
9.282420	20	1
9.284220	660	1
9.285480	640	1
9.286500	220	0
9.288780	262	1
9.290280	943	1
9.291840	53	0
9.292260	968	1
9.297600	347	1
9.297660	707	1
9.298260	339	1
9.299160	80	1
9.300960	878	1
9.304800	972	1
9.305520	90	0
9.306060	406	1
9.306840	408	1
9.307800	962	1
9.307980	944	1
9.308340	486	1
9.310380	793	1
9.310620	738	1
9.310980	66	0
9.311340	721	1
9.315600	417	1
9.319200	208	1
9.319620	62	1
9.319800	820	1
9.321840	36	0
9.322320	306	1
9.323700	723	1
9.326580	337	1
9.327360	213	1
9.327900	29	1
9.329220	209	0
9.330480	709	1
9.335700	67	1
9.337560	711	1
9.341100	663	1
9.344040	412	1
9.346800	61	0
9.348960	247	1
9.350280	399	1
9.350760	73	0
9.352260	983	1
9.353340	904	1
9.353640	7	1
9.355320	786	1
9.357000	83	1
9.357000	845	1
9.359220	669	1
9.361020	994	1
9.364200	857	1
9.364500	101	0
9.364680	305	1
9.365160	955	1
9.365460	439	1
9.365760	430	1
9.366600	400	1
9.370740	548	1
9.370920	207	1
9.371640	811	1
9.373320	39	0
9.374280	689	1
9.374400	261	1
9.374820	652	1
9.377880	798	1
9.383460	843	1
9.385920	53	1
9.387120	254	1
9.388020	466	1
9.390300	511	1
9.391380	118	0
9.394020	220	0
9.394380	431	1
9.394800	132	1
9.394920	1006	1
9.397980	98	0
9.399120	965	1
9.402360	963	1
9.406680	971	1
9.409500	351	1
9.410160	106	0
9.410280	537	1
9.410700	627	1
9.410880	621	1
9.411900	85	1
9.412680	597	1
9.414780	290	1
9.416160	350	1
9.418200	192	1
9.419160	870	1
9.419220	949	1
9.420000	64	0
9.420360	725	1
9.425340	333	1
9.425880	987	1
9.427620	56	1
9.429960	66	1
9.434880	235	0
9.437940	104	1
9.440700	806	1
9.440940	15	1
9.441840	426	1
9.442200	628	1
9.443760	778	1
9.444480	95	1
9.444960	774	1
9.445260	819	1
9.448440	386	1
9.449580	46	1
9.450840	409	1
9.453480	805	1
9.453780	16	1
9.453960	183	0
9.464460	57	1
9.468900	699	1
9.470580	982	1
9.474960	88	1
9.481080	662	1
9.487980	596	1
9.488400	324	1
9.489540	891	1
9.493140	87	0
9.493320	482	1
9.494940	706	1
9.495840	729	1
9.496740	81	1
9.497640	602	1
9.498480	477	1
9.498900	209	0
9.502920	220	0
9.504660	21	1
9.505320	740	1
9.505800	884	1
9.506580	117	1
9.512340	151	1
9.515760	144	1
9.515820	188	1
9.522360	418	1
9.524700	72	1
9.525060	36	0
9.525960	980	1
9.528060	157	1
9.531540	293	1
9.540300	42	0
9.540960	210	1
9.545460	911	1
9.546900	457	1
9.547200	32	1
9.550500	93	1
9.558240	536	1
9.558840	264	1
9.566940	148	1
9.567960	981	1
9.568680	717	1
9.573660	637	1
9.576300	51	1
9.576480	855	1
9.576540	720	1
9.576900	440	1
9.577500	984	1
9.579120	358	1
9.579360	248	1
9.580140	473	1
9.583560	74	1
9.585840	433	1
9.590580	107	1
9.593340	641	1
9.594060	921	1
9.601800	467	1
9.612960	302	1
9.613380	343	1
9.614760	630	1
9.616920	494	1
9.619020	415	1
9.622080	606	1
9.623400	744	1
9.624240	329	1
9.624900	215	1
9.633780	692	1
9.634200	831	1
9.637680	705	1
9.638580	276	1
9.639720	818	1
9.640140	883	1
9.642840	543	1
9.642900	1013	1
9.644940	918	1
9.645600	718	1
9.647280	82	1
9.648480	292	1
9.651300	722	1
9.653160	220	0
9.657960	928	1
9.660180	869	1
9.664560	271	1
9.665640	464	1
9.666600	114	1
9.667680	716	1
9.669240	868	1
9.674220	757	1
9.674460	967	1
9.678900	227	0
9.680580	118	0
9.681480	231	0
9.682080	295	1
9.682860	933	1
9.684720	481	1
9.686640	892	1
9.687300	776	1
9.687780	966	1
9.687900	570	1
9.689580	484	1
9.691620	39	0
9.692520	167	1
9.692700	275	1
9.693720	73	1
9.694080	594	1
9.695100	558	1
9.695220	449	1
9.698220	377	1
9.701160	677	1
9.706920	189	1
9.711720	209	0
9.712620	110	1
9.714060	219	1
9.715500	586	1
9.716280	931	1
9.718560	607	1
9.720000	546	1
9.722400	735	1
9.724260	36	0
9.724380	809	1
9.725940	574	1
9.727800	447	1
9.727980	702	1
9.728340	25	1
9.728640	861	1
9.731460	853	1
9.735540	704	1
9.738540	808	1
9.738840	446	1
9.739080	150	0
9.741540	44	1
9.742680	235	0
9.742740	557	1
9.743160	573	1
9.743760	801	1
9.746640	334	1
9.748980	510	1
9.752340	319	1
9.754380	458	1
9.754560	676	1
9.757800	512	1
9.759060	220	0
9.765720	406	1
9.766260	170	0
9.767880	251	1
9.769380	55	1
9.782700	527	1
9.783840	711	1
9.785460	646	1
9.788820	764	1
9.789840	673	1
9.790320	226	1
9.791280	749	1
9.795240	476	1
9.796440	754	1
9.798360	186	0
9.802680	912	1
9.803280	463	1
9.803580	600	1
9.805200	218	1
9.809700	118	0
9.810660	283	1
9.812580	765	1
9.814560	421	1
9.816540	604	1
9.817620	552	1
9.820560	101	0
9.821460	245	1
9.824460	615	1
9.824820	793	1
9.825600	91	1
9.825900	741	1
9.847560	147	0
9.848220	417	1
9.848520	618	1
9.851400	837	1
9.851880	183	0
9.855420	214	1
9.862860	129	1
9.868140	442	1
9.869280	61	0
9.873540	435	1
9.877740	115	1
9.877920	225	1
9.878520	747	1
9.879060	723	1
9.884940	790	1
9.888960	640	1
9.890940	832	1
9.892200	649	1
9.896460	588	1
9.897120	388	1
9.898020	407	1
9.900540	803	1
9.900660	619	1
9.909960	881	1
9.910500	20	1
9.911340	800	1
9.912600	698	1
9.917640	209	0
9.918660	149	1
9.922500	220	0
9.924240	827	1
9.929160	957	1
9.933060	701	1
9.948540	318	1
9.953280	156	1
9.954960	766	1
9.956580	865	1
9.956880	736	1
9.962160	337	1
9.962460	627	1
9.966420	750	1
9.966660	470	1
9.966780	36	0
9.966960	859	1
9.970020	847	1
9.970320	795	1
9.973200	339	1
9.979020	684	1
9.979560	720	1
9.981360	289	1
9.984540	305	1
9.993060	173	1
9.996240	751	1
9.999180	786	1
10.005000	738	1
10.006500	706	1
10.010400	745	1
10.011720	1008	1
10.014180	234	1
10.018260	195	1
10.020720	436	1
10.023300	944	1
10.024140	312	1
10.025700	730	1
10.026300	257	1
10.030080	729	1
10.030680	24	1
10.031340	647	1
10.031520	220	0
10.032000	208	1
10.032720	660	1
10.037100	844	1
10.039380	83	1
10.043280	561	1
10.043400	29	1
10.043880	207	1
10.045740	744	1
10.047120	968	1
10.047660	410	1
10.055940	994	1
10.057620	284	1
10.062240	57	0
10.064160	434	1
10.069980	663	1
10.075380	376	1
10.076880	748	1
10.077240	188	0
10.078740	709	1
10.078800	206	1
10.078920	398	1
10.083720	843	1
10.086300	798	1
10.089300	943	1
10.089780	802	1
10.091400	426	1
10.091460	80	1
10.092120	805	1
10.093800	62	1
10.097520	987	1
10.098360	724	1
10.101000	526	1
10.101060	983	1
10.101540	277	1
10.102080	324	1
10.102560	717	1
10.104060	821	1
10.104840	399	1
10.105320	148	1
10.105620	263	1
10.106100	243	1
10.110720	877	1
10.121400	440	1
10.121820	220	0
10.123680	761	1
10.126260	408	1
10.128180	611	1
10.132740	962	1
10.134960	412	1
10.135140	929	1
10.136340	67	1
10.140240	209	0
10.141380	889	1
10.143720	371	1
10.143780	956	1
10.148280	819	1
10.148760	118	0
10.150740	955	1
10.151280	870	1
10.152300	304	1
10.153500	596	1
10.155120	160	1
10.158000	439	1
10.158240	409	1
10.162200	132	1
10.163880	169	1
10.164780	415	1
10.166880	95	1
10.167780	200	1
10.170900	197	1
10.172280	359	1
10.174980	101	0
10.175400	106	0
10.181460	90	0
10.181940	438	1
10.184100	85	1
10.184580	119	1
10.185000	320	1
10.185000	336	1
10.185300	712	1
10.185720	172	1
10.186620	460	1
10.191120	166	1
10.191300	157	1
10.191300	342	1
10.193880	836	1
10.195020	192	1
10.198200	878	1
10.198680	42	0
10.203120	291	1
10.206660	126	1
10.207560	606	1
10.210680	806	1
10.211100	714	1
10.215120	621	1
10.215360	215	1
10.215660	965	1
10.215840	264	1
10.219920	1006	1
10.221000	273	1
10.225380	104	1
10.225620	370	1
10.225740	991	1
10.226040	888	1
10.226100	259	1
10.226280	276	1
10.226940	634	1
10.229640	220	0
10.231800	602	1
10.233360	386	1
10.233900	248	1
10.233960	922	1
10.234920	81	1
10.235700	170	0
10.236660	959	1
10.237680	36	0
10.237980	362	1
10.238280	210	1
10.238700	903	1
10.242420	62	0
10.243500	86	0
10.243980	350	1
10.245120	161	1
10.245360	121	1
10.246320	0	1
10.246680	308	1
10.246800	285	1
10.247220	111	1
10.248300	418	1
10.248420	456	1
10.248900	98	0
10.252980	662	1
10.253820	365	1
10.254000	383	1
10.257000	114	1
10.257780	28	0
10.257900	64	0
10.258920	692	1
10.261140	392	1
10.262880	78	0
10.266900	219	1
10.269360	87	0
10.269960	544	1
10.270020	489	1
10.270020	630	1
10.270320	537	1
10.271580	911	1
10.272000	845	1
10.272300	851	1
10.273920	117	1
10.274040	740	1
10.274100	247	1
10.274880	152	1
10.275960	542	1
10.277160	93	0
10.280460	144	1
10.280940	224	1
10.280940	982	1
10.284060	213	1
10.285020	298	1
10.285020	454	1
10.285800	220	1
10.286100	223	1
10.286760	637	1
10.287900	446	1
10.288680	641	1
10.288980	820	1
10.289520	967	1
10.290720	344	1
10.291140	473	1
10.291560	375	1
10.293240	57	0
10.295580	73	0
10.297680	53	0
10.300500	40	0
10.301520	68	0
10.302660	494	1
10.303140	150	0
10.303320	85	0
10.304100	15	1
10.304280	581	1
10.305180	758	1
10.305180	209	0
10.306980	711	1
10.308660	669	1
10.310820	547	1
10.311840	981	1
10.315980	101	0
10.316040	39	0
10.317360	897	1
10.321380	648	1
10.322460	705	1
10.323480	406	1
10.323900	984	1
10.325580	236	1
10.325580	61	0
10.333860	464	1
10.335240	430	1
10.337460	861	1
10.338420	313	1
10.340340	378	1
10.344060	151	1
10.344240	811	1
10.344780	449	1
10.346820	220	0
10.351560	42	0
10.352820	351	1
10.354140	933	1
10.354920	505	1
10.355580	115	1
10.357560	218	1
10.358460	597	1
10.360380	546	1
10.360620	558	1
10.361700	343	1
10.361820	118	0
10.362360	268	1
10.362720	353	1
10.363380	110	1
10.364100	778	1
10.365360	484	1
10.367280	93	1
10.367880	433	1
10.368300	689	1
10.370160	286	1
10.370880	918	1
10.372380	574	1
10.373400	716	1
10.373400	749	1
10.374480	245	1
10.374600	437	1
10.378200	122	1
10.378320	527	1
10.380480	764	1
10.383060	167	1
10.383780	971	1
10.386660	557	1
10.388760	977	1
10.391280	972	1
10.391760	10	1
10.391820	721	1
10.393140	452	1
10.395120	949	1
10.397040	201	1
10.397400	323	1
10.397820	923	1
10.398120	36	0
10.401120	55	1
10.402020	185	1
10.403100	472	1
10.404360	32	1
10.405860	607	1
10.408800	510	1
10.409160	262	1
10.411440	271	1
10.413480	275	1
10.414380	573	1
10.418700	224	0
10.419360	646	1
10.420080	152	0
10.421340	980	1
10.421820	235	0
10.423500	453	1
10.424640	102	0
10.426260	461	1
10.426260	631	1
10.427280	150	1
10.427460	20	0
10.429500	458	1
10.430820	476	1
10.432080	735	1
10.435800	314	1
10.437240	54	0
10.440660	600	1
10.441200	793	1
10.441500	963	1
10.444080	869	1
10.446960	586	1
10.448280	466	1
10.448400	570	1
10.450560	924	1
10.451400	226	1
10.451580	77	0
10.452060	511	1
10.452240	147	0
10.453080	43	0
10.461240	106	0
10.461360	400	1
10.461660	543	1
10.462920	183	0
10.463100	707	1
10.463220	548	1
10.464120	931	1
10.468080	729	1
10.470120	333	1
10.470600	536	1
10.471440	165	0
10.474500	107	1
10.475880	84	1
10.480140	118	0
10.482000	339	1
10.482840	66	0
10.483620	486	1
10.485180	90	0
10.485180	220	0
10.485780	640	1
10.486380	358	1
10.487400	114	0
10.488180	928	1
10.491060	765	1
10.493940	153	1
10.494480	88	1
10.500420	723	1
10.501800	20	1
10.504080	106	1
10.507200	214	1
10.508400	227	0
10.510500	139	0
10.514040	205	1
10.516200	720	1
10.516320	891	1
10.527780	149	1
10.529160	628	1
10.529280	832	1
10.529580	512	1
10.532340	39	0
10.533660	74	1
10.535040	568	1
10.539180	467	1
10.540620	912	1
10.543800	305	1
10.548000	477	1
10.553040	892	1
10.555020	442	1
10.555740	91	1
10.557120	42	0
10.558620	790	1
10.562280	209	0
10.567860	66	1
10.573560	744	1
10.575540	801	1
10.581180	151	0
10.586400	722	1
10.586880	51	1
10.589880	56	1
10.590720	660	1
10.596720	619	1
10.598040	615	1
10.599960	417	1
10.604400	36	0
10.604940	706	1
10.606740	220	0
10.607340	283	1
10.608240	261	1
10.608540	627	1
10.611360	254	1
10.612320	421	1
10.614840	289	1
10.615980	173	1
10.617780	337	1
10.619100	754	1
10.624560	217	1
10.626000	603	1
10.626600	25	1
10.627500	148	1
10.628220	225	1
10.631940	809	1
10.641660	348	1
10.646760	272	1
10.648500	1013	1
10.649760	251	1
10.651260	388	1
10.657380	156	1
10.658700	618	1
10.669320	318	1
10.673280	440	1
10.675020	909	1
10.677900	588	1
10.678140	766	1
10.679760	208	1
10.680780	7	1
10.683000	219	1
10.684020	649	1
10.686600	843	1
10.688820	292	1
10.691820	701	1
10.695300	312	1
10.695420	604	1
10.696980	73	1
10.702620	717	1
10.705320	426	1
10.706640	827	1
10.706640	57	0
10.707180	853	1
10.707720	1008	1
10.713000	704	1
10.714200	189	1
10.719240	101	0
10.719300	61	0
10.722120	16	1
10.724880	207	1
10.730700	39	1
10.731000	57	1
10.732920	795	1
10.738860	114	1
10.744080	21	1
10.745940	234	1
10.746660	994	1
10.749900	470	1
10.750200	819	1
10.751100	786	1
10.752780	439	1
10.754160	966	1
10.755240	206	1
10.760640	803	1
10.762620	415	1
10.762740	718	1
10.765380	606	1
10.767540	220	0
10.767900	80	1
10.770420	324	1
10.775760	831	1
10.776660	29	1
10.781760	290	1
10.783080	192	1
10.784580	67	1
10.785240	399	1
10.785480	987	1
10.785720	968	1
10.785780	195	1
10.787400	738	1
10.788120	561	1
10.793220	42	0
10.795260	594	1
10.796220	257	1
10.799400	709	1
10.800060	757	1
10.809000	62	1
10.810440	700	1
10.813380	276	1
10.818000	46	1
10.821540	129	1
10.821600	157	1
10.825140	805	1
10.825200	750	1
10.825380	865	1
10.827660	85	1
10.830360	248	1
10.836420	798	1
10.837380	730	1
10.841100	692	1
10.843560	209	0
10.845240	36	0
10.846200	596	1
10.846680	83	1
10.849200	747	1
10.851360	776	1
10.855860	220	0
10.857840	44	1
10.860300	720	1
10.863180	676	1
10.866240	233	1
10.869180	435	1
10.872060	711	1
10.872300	170	0
10.874340	132	1
10.880520	955	1
10.880700	983	1
10.883100	702	1
10.884240	944	1
10.884540	322	1
10.891980	264	1
10.892280	967	1
10.895160	473	1
10.897200	53	1
10.897980	258	1
10.900740	263	1
10.901100	291	1
10.902900	210	1
10.903020	432	1
10.910460	749	1
10.912620	321	1
10.912800	806	1
10.916040	215	1
10.921980	962	1
10.922040	663	1
10.927140	748	1
10.927800	870	1
10.928820	334	1
10.929540	808	1
10.930800	386	1
10.931280	412	1
10.933980	800	1
10.935960	110	1
10.936620	677	1
10.937700	884	1
10.938480	408	1
10.938840	705	1
10.942980	218	1
10.944480	356	1
10.945200	62	0
10.946220	409	1
10.951980	943	1
10.955700	277	1
10.957320	95	1
10.959000	494	1
10.959480	101	0
10.961040	868	1
10.962300	81	1
10.962360	729	1
10.964940	376	1
10.970280	751	1
10.970640	64	0
10.978920	861	1
10.981020	220	0
10.990860	881	1
10.993560	104	1
10.996260	118	0
10.998120	793	1
11.000040	933	1
11.000160	821	1
11.000820	406	1
11.011140	764	1
11.011980	652	1
11.012340	144	1
11.013120	407	1
11.018820	573	1
11.023260	306	1
11.023560	602	1
11.025060	641	1
11.028180	904	1
11.029560	911	1
11.031720	574	1
11.031900	209	0
11.034840	712	1
11.035500	637	1
11.035800	119	1
11.037780	464	1
11.038500	1006	1
11.039760	744	1
11.042700	55	1
11.042760	115	1
11.047800	965	1
11.048760	15	1
11.048940	647	1
11.050020	126	1
11.051700	418	1
11.051880	982	1
11.053680	245	1
11.054940	438	1
11.055600	546	1
11.055720	832	1
11.056140	918	1
11.056980	436	1
11.058240	150	0
11.059800	350	1
11.061180	630	1
11.062740	188	0
11.063880	646	1
11.065080	302	1
11.066160	24	1
11.068620	183	0
11.070120	220	0
11.070540	295	1
11.071080	36	0
11.077620	226	1
11.077980	458	1
11.080560	557	1
11.083260	621	1
11.088000	90	0
11.088300	802	1
11.090100	859	1
11.090700	844	1
11.092860	449	1
11.098440	213	1
11.099520	673	1
11.100420	42	0
11.103900	343	1
11.105940	723	1
11.106480	446	1
11.107200	344	1
11.108400	925	1
11.109840	558	1
11.110140	440	1
11.111160	247	1
11.111820	706	1
11.119740	778	1
11.119980	814	1
11.120160	607	1
11.121060	669	1
11.121600	410	1
11.122560	20	1
11.124600	600	1
11.124960	236	0
11.126340	434	1
11.127060	597	1
11.132760	877	1
11.133120	371	1
11.133120	984	1
11.134080	117	1
11.139060	118	0
11.140740	552	1
11.141580	724	1
11.142360	342	1
11.143500	716	1
11.144160	101	0
11.146560	740	1
11.147040	339	1
11.150640	460	1
11.154420	510	1
11.154840	398	1
11.156100	991	1
11.160840	765	1
11.162160	148	1
11.162280	431	1
11.163300	627	1
11.165460	929	1
11.165820	430	1
11.167440	735	1
11.170680	476	1
11.171880	527	1
11.172420	93	1
11.173980	484	1
11.176080	305	1
11.176080	708	1
11.178720	878	1
11.181120	337	1
11.182560	640	1
11.184780	151	1
11.188260	172	1
11.188320	537	1
11.191140	889	1
11.191620	922	1
11.191680	320	1
11.191680	147	0
11.192340	275	1
11.195100	220	0
11.196120	98	0
11.199900	353	1
11.201220	741	1
11.202060	209	0
11.204580	931	1
11.205840	308	1
11.206920	419	1
11.207640	836	1
11.210220	883	1
11.212260	340	1
11.214480	44	0
11.216340	417	1
11.216340	717	1
11.220420	586	1
11.225880	662	1
11.231880	106	0
11.237520	358	1
11.240460	304	1
11.240460	456	1
11.241780	928	1
11.242800	273	1
11.242800	365	1
11.243940	811	1
11.244600	660	1
11.244720	442	1
11.245500	111	1
11.247600	271	1
11.248920	161	1
11.248920	336	1
11.249700	90	0
11.250480	167	1
11.250840	223	1
11.251740	362	1
11.253120	698	1
11.254500	86	0
11.254980	220	1
11.256960	857	1
11.261340	543	1
11.261940	789	1
11.263380	73	0
11.267940	183	0
11.268660	42	0
11.270640	312	1
11.271360	298	1
11.274240	114	1
11.274360	197	1
11.277480	606	1
11.281080	536	1
11.281800	170	0
11.281980	843	1
11.282280	845	1
11.283600	819	1
11.286300	711	1
11.288160	570	1
11.288880	869	1
11.289300	439	1
11.292540	101	0
11.292960	166	1
11.292960	790	1
11.295840	415	1
11.297520	611	1
11.298600	634	1
11.298780	32	1
11.300760	220	0
11.303580	200	1
11.303700	467	1
11.306940	581	1
11.309700	888	1
11.311200	359	1
11.313360	293	1
11.314980	766	1
11.316900	289	1
11.321100	472	1
11.321940	489	1
11.322600	433	1
11.323080	81	0
11.323380	149	1
11.325240	236	1
11.325300	956	1
11.326140	400	1
11.327400	169	1
11.327700	118	0
11.329140	313	1
11.331300	912	1
11.332020	209	0
11.333220	284	1
11.334420	243	1
11.334660	114	0
11.336280	352	1
11.338500	285	1
11.338680	774	1
11.342220	333	1
11.343300	450	1
11.344020	219	1
11.344500	457	1
11.344560	62	0
11.344620	318	1
11.345940	421	1
11.346480	399	1
11.353980	211	0
11.355300	156	1
11.356320	820	1
11.356980	689	1
11.357220	105	0
11.358540	268	1
11.362920	452	1
11.364240	91	1
11.365080	972	1
11.366100	388	1
11.367240	214	1
11.367540	36	0
11.367600	93	0
11.368260	87	0
11.369820	288	1
11.372820	903	1
11.374440	351	1
11.374920	370	1
11.381040	218	1
11.385780	720	1
11.385960	215	1
11.387100	157	1
11.388540	619	1
11.389320	257	1
11.395740	0	1
11.396100	283	1
11.396280	262	1
